800.000	6.000	3.000	3.000	14687.933	0.000	0.000	6000.000	0.000	3.000	10.000
801.000	7.000	6.000	1.000	6666.458	0.000	6283.000	6876.000	1.000	1.000	2.000
802.000	2.000	1.000	1.000	7909.949	0.000	7250.000	8224.000	1.000	1.000	1.000
803.000	2.000	1.000	1.000	8950.667	0.000	8765.000	10410.000	1.000	1.000	1.000
804.000	2.000	1.000	1.000	11707.876	0.000	11292.000	14247.000	1.000	1.000	1.000
805.000	8.000	5.000	3.000	16002.078	0.000	15292.000	21840.000	1.000	1.000	4.000
806.000	2.000	1.000	1.000	38414.057	0.000	26118.000	39476.000	1.000	1.000	1.000
807.000	1.000	0.000	1.000	83922.800	0.000	56035.000	10000000000.000	1.000	1.000	1.000
808.000	2.000	1.000	1.000	5901.849	0.000	0.000	6000.000	1.000	1.000	1.000
809.000	5.000	4.000	1.000	6755.849	0.000	6283.000	6876.000	1.000	1.000	1.000
810.000	2.000	1.000	1.000	7289.876	0.000	7250.000	8224.000	1.000	1.000	1.000
811.000	2.000	1.000	1.000	10110.436	0.000	8765.000	10410.000	1.000	1.000	1.000
812.000	8.000	3.000	5.000	12605.688	0.000	11292.000	14247.000	1.000	1.000	4.000
813.000	3.000	2.000	1.000	16957.726	0.000	15292.000	21840.000	1.000	1.000	1.000
814.000	1.000	0.000	1.000	28959.302	0.000	26118.000	39476.000	1.000	1.000	1.000
815.000	2.000	0.000	2.000	334996.958	0.000	56035.000	10000000000.000	1.000	2.000	1.000
816.000	5.000	3.000	2.000	6704.468	0.000	6283.000	6876.000	1.000	2.000	1.000
817.000	3.000	2.000	1.000	7638.079	0.000	7250.000	8224.000	1.000	1.000	1.000
818.000	3.000	1.000	2.000	9010.571	0.000	8765.000	10410.000	1.000	1.000	1.000
819.000	3.000	2.000	1.000	12142.152	0.000	11292.000	14247.000	1.000	1.000	1.000
820.000	2.000	1.000	1.000	15570.635	0.000	15292.000	21840.000	1.000	1.000	1.000
821.000	4.000	3.000	1.000	35554.963	0.000	26118.000	39476.000	1.000	1.000	1.000
822.000	2.000	0.000	2.000	110872.985	0.000	56035.000	10000000000.000	1.000	2.000	1.000
823.000	4.000	2.000	2.000	5428.112	0.000	0.000	6000.000	1.000	2.000	1.000
824.000	2.000	1.000	1.000	6845.623	0.000	6283.000	6876.000	1.000	1.000	1.000
825.000	2.000	1.000	1.000	7811.544	0.000	7250.000	8224.000	1.000	1.000	1.000
826.000	2.000	1.000	1.000	8796.653	0.000	8765.000	10410.000	1.000	1.000	1.000
827.000	3.000	1.000	2.000	13411.594	0.000	11292.000	14247.000	1.000	1.000	1.000
828.000	3.000	2.000	1.000	20050.799	0.000	15292.000	21840.000	1.000	1.000	1.000
829.000	2.000	1.000	1.000	37918.068	0.000	26118.000	39476.000	1.000	1.000	1.000
830.000	2.000	0.000	2.000	77049.908	0.000	56035.000	10000000000.000	1.000	2.000	1.000
831.000	2.000	1.000	1.000	4901.483	0.000	0.000	6000.000	1.000	1.000	1.000
832.000	2.000	1.000	1.000	7465.361	0.000	7250.000	8224.000	1.000	1.000	1.000
833.000	3.000	2.000	1.000	10406.538	0.000	8765.000	10410.000	1.000	1.000	1.000
834.000	3.000	1.000	2.000	11874.646	0.000	11292.000	14247.000	1.000	1.000	1.000
835.000	3.000	1.000	2.000	15958.745	0.000	15292.000	21840.000	1.000	1.000	1.000
836.000	1.000	0.000	1.000	38052.706	0.000	26118.000	39476.000	1.000	1.000	1.000
837.000	2.000	0.000	2.000	90115.498	0.000	56035.000	10000000000.000	1.000	2.000	1.000
838.000	2.000	1.000	1.000	5477.160	0.000	0.000	6000.000	1.000	1.000	1.000
839.000	3.000	2.000	1.000	6796.386	0.000	6283.000	6876.000	1.000	1.000	1.000
840.000	6.000	2.000	4.000	7332.633	0.000	7250.000	8224.000	1.000	1.000	3.000
841.000	2.000	1.000	1.000	9361.071	0.000	8765.000	10410.000	1.000	1.000	1.000
842.000	2.000	1.000	1.000	14112.554	0.000	11292.000	14247.000	1.000	1.000	1.000
843.000	11.000	3.000	8.000	17002.344	0.000	15292.000	21840.000	1.000	1.000	6.000
844.000	1.000	0.000	1.000	35914.252	0.000	26118.000	39476.000	1.000	1.000	1.000
845.000	1.000	0.000	1.000	300826.003	0.000	56035.000	10000000000.000	1.000	1.000	1.000
846.000	2.000	1.000	1.000	3954.535	0.000	0.000	6000.000	1.000	1.000	1.000
847.000	2.000	1.000	1.000	6553.540	0.000	6283.000	6876.000	1.000	1.000	1.000
848.000	2.000	1.000	1.000	10239.886	0.000	8765.000	10410.000	1.000	1.000	1.000
849.000	6.000	2.000	4.000	12683.496	0.000	11292.000	14247.000	1.000	2.000	1.000
850.000	45.000	0.000	45.000	16980.626	0.000	15292.000	21840.000	1.000	3.000	7.000
851.000	2.000	1.000	1.000	32780.839	0.000	26118.000	39476.000	1.000	1.000	1.000
852.000	4.000	0.000	4.000	60154.820	0.000	56035.000	10000000000.000	1.000	3.000	1.000
853.000	2.000	1.000	1.000	4237.848	0.000	0.000	6000.000	1.000	1.000	1.000
854.000	36.000	27.000	9.000	7395.111	0.000	6283.000	6876.000	0.000	1.000	10.000
855.000	2.000	1.000	1.000	7593.037	0.000	7250.000	8224.000	1.000	1.000	1.000
856.000	2.000	1.000	1.000	9139.767	0.000	8765.000	10410.000	1.000	1.000	1.000
857.000	2.000	1.000	1.000	11765.897	0.000	11292.000	14247.000	1.000	1.000	1.000
858.000	12.000	7.000	5.000	18206.056	0.000	15292.000	21840.000	1.000	2.000	5.000
859.000	3.000	1.000	2.000	37182.157	0.000	26118.000	39476.000	1.000	1.000	1.000
860.000	1.000	0.000	1.000	129700.004	0.000	56035.000	10000000000.000	1.000	1.000	1.000
861.000	2.000	1.000	1.000	4796.322	0.000	0.000	6000.000	1.000	1.000	1.000
862.000	6.000	3.000	3.000	6664.621	0.000	6283.000	6876.000	1.000	1.000	3.000
863.000	2.000	1.000	1.000	7455.438	0.000	7250.000	8224.000	1.000	1.000	1.000
864.000	15.000	0.000	15.000	12572.244	0.000	11292.000	14247.000	1.000	3.000	1.000
865.000	3.000	2.000	1.000	15647.653	0.000	15292.000	21840.000	1.000	1.000	1.000
866.000	19.000	0.000	19.000	29118.852	0.000	26118.000	39476.000	1.000	3.000	2.000
867.000	2.000	0.000	2.000	110675.690	0.000	56035.000	10000000000.000	1.000	2.000	1.000
868.000	2.000	1.000	1.000	5240.929	0.000	0.000	6000.000	1.000	1.000	1.000
869.000	8.000	6.000	2.000	6862.727	0.000	6283.000	6876.000	1.000	2.000	2.000
870.000	2.000	1.000	1.000	7922.778	0.000	7250.000	8224.000	1.000	1.000	1.000
871.000	2.000	1.000	1.000	9905.140	0.000	8765.000	10410.000	1.000	1.000	1.000
872.000	2.000	1.000	1.000	11934.090	0.000	11292.000	14247.000	1.000	1.000	1.000
873.000	6.000	2.000	4.000	19826.519	0.000	15292.000	21840.000	1.000	1.000	2.000
874.000	1.000	0.000	1.000	35943.903	0.000	26118.000	39476.000	1.000	1.000	1.000
875.000	1.000	0.000	1.000	111988.809	0.000	56035.000	10000000000.000	1.000	1.000	1.000
876.000	6.000	3.000	3.000	8174.341	0.000	0.000	6000.000	0.000	3.000	10.000
877.000	2.000	1.000	1.000	6834.729	0.000	6283.000	6876.000	1.000	1.000	1.000
878.000	3.000	2.000	1.000	7878.869	0.000	7250.000	8224.000	1.000	1.000	1.000
879.000	2.000	1.000	1.000	9210.877	0.000	8765.000	10410.000	1.000	1.000	1.000
880.000	6.000	2.000	4.000	15701.547	0.000	15292.000	21840.000	1.000	1.000	2.000
881.000	13.000	7.000	6.000	14094.222	0.000	26118.000	39476.000	0.000	1.000	10.000
882.000	1.000	0.000	1.000	133232.496	0.000	56035.000	10000000000.000	1.000	1.000	1.000
883.000	2.000	1.000	1.000	4392.208	0.000	0.000	6000.000	1.000	1.000	1.000
884.000	2.000	1.000	1.000	6626.758	0.000	6283.000	6876.000	1.000	1.000	1.000
885.000	2.000	1.000	1.000	7527.430	0.000	7250.000	8224.000	1.000	1.000	1.000
886.000	2.000	1.000	1.000	9295.688	0.000	8765.000	10410.000	1.000	1.000	1.000
887.000	4.000	1.000	3.000	12583.009	0.000	11292.000	14247.000	1.000	1.000	1.000
888.000	10.000	4.000	6.000	16279.794	0.000	15292.000	21840.000	1.000	1.000	5.000
889.000	13.000	8.000	5.000	37745.071	0.000	26118.000	39476.000	1.000	1.000	8.000
890.000	2.000	0.000	2.000	74352.405	0.000	56035.000	10000000000.000	1.000	2.000	1.000
891.000	2.000	1.000	1.000	5220.771	0.000	0.000	6000.000	1.000	1.000	1.000
892.000	2.000	1.000	1.000	6804.219	0.000	6283.000	6876.000	1.000	1.000	1.000
893.000	15.000	12.000	3.000	7747.237	0.000	7250.000	8224.000	1.000	3.000	3.000
894.000	4.000	3.000	1.000	9924.162	0.000	8765.000	10410.000	1.000	1.000	1.000
895.000	2.000	1.000	1.000	11932.618	0.000	11292.000	14247.000	1.000	1.000	1.000
896.000	4.000	1.000	3.000	36399.554	0.000	26118.000	39476.000	1.000	1.000	1.000
897.000	1.000	0.000	1.000	83666.771	0.000	56035.000	10000000000.000	1.000	1.000	1.000
898.000	2.000	1.000	1.000	5809.326	0.000	0.000	6000.000	1.000	1.000	1.000
899.000	3.000	2.000	1.000	6664.468	0.000	6283.000	6876.000	1.000	1.000	1.000
900.000	5.000	0.000	5.000	7925.789	0.000	7250.000	8224.000	1.000	3.000	1.000
901.000	4.000	1.000	3.000	10277.808	0.000	8765.000	10410.000	1.000	1.000	1.000
902.000	3.000	2.000	1.000	13386.183	0.000	11292.000	14247.000	1.000	1.000	1.000
903.000	3.000	2.000	1.000	18959.344	0.000	15292.000	21840.000	1.000	1.000	1.000
904.000	2.000	1.000	1.000	33887.567	0.000	26118.000	39476.000	1.000	1.000	1.000
905.000	1.000	0.000	1.000	186784.135	0.000	56035.000	10000000000.000	1.000	1.000	1.000
906.000	2.000	1.000	1.000	4304.542	0.000	0.000	6000.000	1.000	1.000	1.000
907.000	36.000	33.000	3.000	8977.961	0.000	6283.000	6876.000	0.000	3.000	10.000
908.000	2.000	1.000	1.000	7943.920	0.000	7250.000	8224.000	1.000	1.000	1.000
909.000	25.000	0.000	25.000	9371.826	0.000	8765.000	10410.000	1.000	3.000	1.000
910.000	2.000	1.000	1.000	13620.386	0.000	11292.000	14247.000	1.000	1.000	1.000
911.000	6.000	3.000	3.000	20398.033	0.000	15292.000	21840.000	1.000	3.000	1.000
912.000	1.000	0.000	1.000	255574.081	0.000	56035.000	10000000000.000	1.000	1.000	1.000
913.000	2.000	1.000	1.000	4751.514	0.000	0.000	6000.000	1.000	1.000	1.000
914.000	4.000	3.000	1.000	6747.956	0.000	6283.000	6876.000	1.000	1.000	1.000
915.000	3.000	2.000	1.000	8037.876	0.000	7250.000	8224.000	1.000	1.000	1.000
916.000	2.000	1.000	1.000	9336.354	0.000	8765.000	10410.000	1.000	1.000	1.000
917.000	9.000	7.000	2.000	12885.979	0.000	11292.000	14247.000	1.000	1.000	3.000
918.000	2.000	1.000	1.000	20198.708	0.000	15292.000	21840.000	1.000	1.000	1.000
919.000	3.000	2.000	1.000	29910.809	0.000	26118.000	39476.000	1.000	1.000	1.000
920.000	1.000	0.000	1.000	103113.387	0.000	56035.000	10000000000.000	1.000	1.000	1.000
921.000	6.000	3.000	3.000	5674.715	0.000	0.000	6000.000	1.000	3.000	1.000
922.000	2.000	1.000	1.000	6490.669	0.000	6283.000	6876.000	1.000	1.000	1.000
923.000	2.000	1.000	1.000	8211.130	0.000	7250.000	8224.000	1.000	1.000	1.000
924.000	3.000	1.000	2.000	8886.700	0.000	8765.000	10410.000	1.000	1.000	1.000
925.000	7.000	2.000	5.000	11509.175	0.000	11292.000	14247.000	1.000	1.000	3.000
926.000	7.000	3.000	4.000	21810.785	0.000	15292.000	21840.000	1.000	1.000	2.000
927.000	5.000	3.000	2.000	26760.743	0.000	26118.000	39476.000	1.000	1.000	2.000
928.000	2.000	1.000	1.000	5661.561	0.000	0.000	6000.000	1.000	1.000	1.000
929.000	3.000	2.000	1.000	6703.306	0.000	6283.000	6876.000	1.000	1.000	1.000
930.000	2.000	1.000	1.000	7617.166	0.000	7250.000	8224.000	1.000	1.000	1.000
931.000	3.000	1.000	2.000	9159.404	0.000	8765.000	10410.000	1.000	1.000	1.000
932.000	1.000	0.000	1.000	12730.551	0.000	11292.000	14247.000	1.000	1.000	1.000
933.000	2.000	1.000	1.000	20152.661	0.000	15292.000	21840.000	1.000	1.000	1.000
934.000	2.000	1.000	1.000	33702.300	0.000	26118.000	39476.000	1.000	1.000	1.000
935.000	9.000	0.000	9.000	115375.777	0.000	56035.000	10000000000.000	1.000	3.000	2.000
936.000	2.000	1.000	1.000	5022.067	0.000	0.000	6000.000	1.000	1.000	1.000
937.000	10.000	9.000	1.000	6745.381	0.000	6283.000	6876.000	1.000	1.000	3.000
938.000	3.000	2.000	1.000	7559.566	0.000	7250.000	8224.000	1.000	1.000	1.000
939.000	20.000	0.000	20.000	9314.158	0.000	8765.000	10410.000	1.000	3.000	1.000
940.000	7.000	2.000	5.000	12922.793	0.000	11292.000	14247.000	1.000	1.000	3.000
941.000	2.000	1.000	1.000	17427.718	0.000	15292.000	21840.000	1.000	1.000	1.000
942.000	4.000	1.000	3.000	31168.580	0.000	26118.000	39476.000	1.000	1.000	3.000
943.000	1.000	0.000	1.000	82813.354	0.000	56035.000	10000000000.000	1.000	1.000	1.000
944.000	3.000	2.000	1.000	6873.412	0.000	6283.000	6876.000	1.000	1.000	1.000
945.000	2.000	1.000	1.000	7371.993	0.000	7250.000	8224.000	1.000	1.000	1.000
946.000	3.000	2.000	1.000	9263.326	0.000	8765.000	10410.000	1.000	1.000	1.000
947.000	2.000	1.000	1.000	12259.038	0.000	11292.000	14247.000	1.000	1.000	1.000
948.000	9.000	4.000	5.000	19515.028	0.000	15292.000	21840.000	1.000	1.000	5.000
949.000	12.000	6.000	6.000	65638.280	0.000	26118.000	39476.000	0.000	1.000	10.000
950.000	1.000	0.000	1.000	82793.668	0.000	56035.000	10000000000.000	1.000	1.000	1.000
951.000	2.000	1.000	1.000	5973.093	0.000	0.000	6000.000	1.000	1.000	1.000
952.000	9.000	7.000	2.000	6338.990	0.000	6283.000	6876.000	1.000	2.000	2.000
953.000	7.000	6.000	1.000	7492.840	0.000	7250.000	8224.000	1.000	1.000	2.000
954.000	4.000	1.000	3.000	9753.716	0.000	8765.000	10410.000	1.000	1.000	1.000
955.000	35.000	0.000	35.000	11958.634	0.000	11292.000	14247.000	1.000	3.000	2.000
956.000	4.000	1.000	3.000	16331.626	0.000	15292.000	21840.000	1.000	1.000	2.000
957.000	2.000	1.000	1.000	34817.455	0.000	26118.000	39476.000	1.000	1.000	1.000
958.000	1.000	0.000	1.000	170008.484	0.000	56035.000	10000000000.000	1.000	1.000	1.000
959.000	2.000	1.000	1.000	4339.029	0.000	0.000	6000.000	1.000	1.000	1.000
960.000	2.000	1.000	1.000	7528.780	0.000	7250.000	8224.000	1.000	1.000	1.000
961.000	4.000	2.000	2.000	9271.784	0.000	8765.000	10410.000	1.000	1.000	2.000
962.000	2.000	1.000	1.000	11666.463	0.000	11292.000	14247.000	1.000	1.000	1.000
963.000	5.000	3.000	2.000	18387.521	0.000	15292.000	21840.000	1.000	1.000	2.000
964.000	2.000	1.000	1.000	38535.185	0.000	26118.000	39476.000	1.000	1.000	1.000
965.000	1.000	0.000	1.000	66875.906	0.000	56035.000	10000000000.000	1.000	1.000	1.000
966.000	4.000	2.000	2.000	5184.471	0.000	0.000	6000.000	1.000	2.000	1.000
967.000	3.000	2.000	1.000	6613.922	0.000	6283.000	6876.000	1.000	1.000	1.000
968.000	2.000	1.000	1.000	7344.292	0.000	7250.000	8224.000	1.000	1.000	1.000
969.000	5.000	4.000	1.000	9720.397	0.000	8765.000	10410.000	1.000	1.000	1.000
970.000	3.000	1.000	2.000	11699.342	0.000	11292.000	14247.000	1.000	1.000	1.000
971.000	2.000	1.000	1.000	17371.826	0.000	15292.000	21840.000	1.000	1.000	1.000
972.000	3.000	2.000	1.000	30184.542	0.000	26118.000	39476.000	1.000	1.000	1.000
973.000	1.000	0.000	1.000	88254.504	0.000	56035.000	10000000000.000	1.000	1.000	1.000
974.000	2.000	1.000	1.000	5543.667	0.000	0.000	6000.000	1.000	1.000	1.000
975.000	3.000	2.000	1.000	6514.536	0.000	6283.000	6876.000	1.000	1.000	1.000
976.000	3.000	2.000	1.000	9284.339	0.000	8765.000	10410.000	1.000	1.000	1.000
977.000	1.000	0.000	1.000	14019.055	0.000	11292.000	14247.000	1.000	1.000	1.000
978.000	2.000	1.000	1.000	19866.212	0.000	15292.000	21840.000	1.000	1.000	1.000
979.000	3.000	0.000	3.000	37965.186	0.000	26118.000	39476.000	1.000	1.000	1.000
980.000	2.000	0.000	2.000	476270.068	0.000	56035.000	10000000000.000	1.000	2.000	1.000
981.000	2.000	1.000	1.000	4041.106	0.000	0.000	6000.000	1.000	1.000	1.000
982.000	2.000	1.000	1.000	6794.106	0.000	6283.000	6876.000	1.000	1.000	1.000
983.000	1.000	0.000	1.000	7887.254	0.000	7250.000	8224.000	1.000	1.000	1.000
984.000	3.000	2.000	1.000	9907.817	0.000	8765.000	10410.000	1.000	1.000	1.000
985.000	10.000	0.000	10.000	11965.865	0.000	11292.000	14247.000	1.000	2.000	1.000
986.000	5.000	3.000	2.000	20316.885	0.000	15292.000	21840.000	1.000	1.000	2.000
987.000	2.000	1.000	1.000	32359.330	0.000	26118.000	39476.000	1.000	1.000	1.000
988.000	4.000	0.000	4.000	89096.593	0.000	56035.000	10000000000.000	1.000	3.000	1.000
989.000	2.000	1.000	1.000	5053.289	0.000	0.000	6000.000	1.000	1.000	1.000
990.000	2.000	1.000	1.000	6753.111	0.000	6283.000	6876.000	1.000	1.000	1.000
991.000	6.000	4.000	2.000	7306.545	0.000	7250.000	8224.000	1.000	1.000	2.000
992.000	5.000	2.000	3.000	12599.897	0.000	11292.000	14247.000	1.000	1.000	2.000
993.000	11.000	9.000	2.000	21187.202	0.000	15292.000	21840.000	1.000	2.000	3.000
994.000	6.000	1.000	5.000	37394.934	0.000	26118.000	39476.000	1.000	1.000	2.000
995.000	1.000	0.000	1.000	68609.555	0.000	56035.000	10000000000.000	1.000	1.000	1.000
996.000	2.000	1.000	1.000	4712.944	0.000	0.000	6000.000	1.000	1.000	1.000
997.000	2.000	1.000	1.000	6846.148	0.000	6283.000	6876.000	1.000	1.000	1.000
998.000	7.000	6.000	1.000	8208.827	0.000	7250.000	8224.000	1.000	1.000	2.000
999.000	3.000	1.000	2.000	9147.304	0.000	8765.000	10410.000	1.000	1.000	1.000
1000.000	2.000	1.000	1.000	12561.226	0.000	11292.000	14247.000	1.000	1.000	1.000
1001.000	2.000	1.000	1.000	16003.475	0.000	15292.000	21840.000	1.000	1.000	1.000
1002.000	2.000	1.000	1.000	34612.620	0.000	26118.000	39476.000	1.000	1.000	1.000
1003.000	1.000	0.000	1.000	81459.505	0.000	56035.000	10000000000.000	1.000	1.000	1.000
1004.000	2.000	1.000	1.000	4354.037	0.000	0.000	6000.000	1.000	1.000	1.000
1005.000	2.000	1.000	1.000	6852.600	0.000	6283.000	6876.000	1.000	1.000	1.000
1006.000	3.000	2.000	1.000	7971.574	0.000	7250.000	8224.000	1.000	1.000	1.000
1007.000	5.000	3.000	2.000	10170.486	0.000	8765.000	10410.000	1.000	2.000	1.000
1008.000	7.000	4.000	3.000	16348.644	0.000	15292.000	21840.000	1.000	1.000	3.000
1009.000	1.000	0.000	1.000	35850.669	0.000	26118.000	39476.000	1.000	1.000	1.000
1010.000	1.000	0.000	1.000	64101.667	0.000	56035.000	10000000000.000	1.000	1.000	1.000
1011.000	2.000	1.000	1.000	5212.606	0.000	0.000	6000.000	1.000	1.000	1.000
1012.000	2.000	1.000	1.000	6313.618	0.000	6283.000	6876.000	1.000	1.000	1.000
1013.000	3.000	2.000	1.000	7853.730	0.000	7250.000	8224.000	1.000	1.000	1.000
1014.000	3.000	2.000	1.000	9378.918	0.000	8765.000	10410.000	1.000	1.000	1.000
1015.000	6.000	3.000	3.000	13487.942	0.000	11292.000	14247.000	1.000	3.000	1.000
1016.000	4.000	3.000	1.000	17943.250	0.000	15292.000	21840.000	1.000	1.000	1.000
1017.000	2.000	1.000	1.000	28855.416	0.000	26118.000	39476.000	1.000	1.000	1.000
1018.000	1.000	0.000	1.000	58781.228	0.000	56035.000	10000000000.000	1.000	1.000	1.000
1019.000	2.000	1.000	1.000	4199.024	0.000	0.000	6000.000	1.000	1.000	1.000
1020.000	4.000	3.000	1.000	6568.644	0.000	6283.000	6876.000	1.000	1.000	1.000
1021.000	2.000	1.000	1.000	8116.017	0.000	7250.000	8224.000	1.000	1.000	1.000
1022.000	3.000	1.000	2.000	9621.262	0.000	8765.000	10410.000	1.000	1.000	1.000
1023.000	5.000	3.000	2.000	11470.325	0.000	11292.000	14247.000	1.000	1.000	2.000
1024.000	2.000	1.000	1.000	34319.990	0.000	26118.000	39476.000	1.000	1.000	1.000
1025.000	1.000	0.000	1.000	129811.185	0.000	56035.000	10000000000.000	1.000	1.000	1.000
1026.000	2.000	1.000	1.000	4721.466	0.000	0.000	6000.000	1.000	1.000	1.000
1027.000	2.000	1.000	1.000	6823.441	0.000	6283.000	6876.000	1.000	1.000	1.000
1028.000	3.000	2.000	1.000	7301.184	0.000	7250.000	8224.000	1.000	1.000	1.000
1029.000	2.000	1.000	1.000	8770.470	0.000	8765.000	10410.000	1.000	1.000	1.000
1030.000	4.000	3.000	1.000	12025.025	0.000	11292.000	14247.000	1.000	1.000	1.000
1031.000	14.000	0.000	14.000	17816.220	0.000	15292.000	21840.000	1.000	3.000	2.000
1032.000	2.000	1.000	1.000	39065.077	0.000	26118.000	39476.000	1.000	1.000	1.000
1033.000	1.000	0.000	1.000	79512.466	0.000	56035.000	10000000000.000	1.000	1.000	1.000
1034.000	2.000	1.000	1.000	4533.362	0.000	0.000	6000.000	1.000	1.000	1.000
1035.000	4.000	2.000	2.000	6798.615	0.000	6283.000	6876.000	1.000	2.000	1.000
1036.000	6.000	4.000	2.000	8209.620	0.000	7250.000	8224.000	1.000	2.000	1.000
1037.000	3.000	1.000	2.000	9425.135	0.000	8765.000	10410.000	1.000	1.000	1.000
1038.000	3.000	2.000	1.000	12392.553	0.000	11292.000	14247.000	1.000	1.000	1.000
1039.000	3.000	2.000	1.000	19608.635	0.000	15292.000	21840.000	1.000	1.000	1.000
1040.000	1.000	0.000	1.000	285629.285	0.000	56035.000	10000000000.000	1.000	1.000	1.000
1041.000	4.000	2.000	2.000	5059.146	0.000	0.000	6000.000	1.000	2.000	1.000
1042.000	3.000	2.000	1.000	6493.040	0.000	6283.000	6876.000	1.000	1.000	1.000
1043.000	2.000	1.000	1.000	7466.225	0.000	7250.000	8224.000	1.000	1.000	1.000
1044.000	5.000	1.000	4.000	9702.715	0.000	8765.000	10410.000	1.000	1.000	1.000
1045.000	4.000	2.000	2.000	12160.636	0.000	11292.000	14247.000	1.000	2.000	1.000
1046.000	4.000	3.000	1.000	19068.853	0.000	15292.000	21840.000	1.000	1.000	1.000
1047.000	2.000	1.000	1.000	28743.020	0.000	26118.000	39476.000	1.000	1.000	1.000
1048.000	53.000	0.000	53.000	15147.933	0.000	56035.000	10000000000.000	0.000	3.000	10.000
1049.000	2.000	1.000	1.000	5381.198	0.000	0.000	6000.000	1.000	1.000	1.000
1050.000	3.000	2.000	1.000	6510.384	0.000	6283.000	6876.000	1.000	1.000	1.000
1051.000	4.000	0.000	4.000	7903.147	0.000	7250.000	8224.000	1.000	1.000	1.000
1052.000	2.000	1.000	1.000	9725.935	0.000	8765.000	10410.000	1.000	1.000	1.000
1053.000	3.000	2.000	1.000	11786.043	0.000	11292.000	14247.000	1.000	1.000	1.000
1054.000	2.000	1.000	1.000	19219.854	0.000	15292.000	21840.000	1.000	1.000	1.000
1055.000	1.000	0.000	1.000	33394.673	0.000	26118.000	39476.000	1.000	1.000	1.000
800.000	36.000	33.000	3.000	11260.650	0.000	6283.000	6876.000	0.000	3.000	10.000
801.000	4.000	3.000	1.000	7986.325	0.000	7250.000	8224.000	1.000	1.000	1.000
802.000	4.000	1.000	3.000	9234.052	0.000	8765.000	10410.000	1.000	1.000	1.000
803.000	2.000	1.000	1.000	13710.784	0.000	11292.000	14247.000	1.000	1.000	1.000
804.000	6.000	2.000	4.000	21282.487	0.000	15292.000	21840.000	1.000	1.000	3.000
805.000	5.000	3.000	2.000	30418.370	0.000	26118.000	39476.000	1.000	2.000	1.000
806.000	1.000	0.000	1.000	132225.956	0.000	56035.000	10000000000.000	1.000	1.000	1.000
807.000	2.000	1.000	1.000	4415.836	0.000	0.000	6000.000	1.000	1.000	1.000
808.000	2.000	1.000	1.000	6703.964	0.000	6283.000	6876.000	1.000	1.000	1.000
809.000	1.000	0.000	1.000	8198.663	0.000	7250.000	8224.000	1.000	1.000	1.000
810.000	4.000	1.000	3.000	9449.837	0.000	8765.000	10410.000	1.000	1.000	1.000
811.000	2.000	1.000	1.000	11574.924	0.000	11292.000	14247.000	1.000	1.000	1.000
812.000	6.000	3.000	3.000	18449.956	0.000	15292.000	21840.000	1.000	3.000	1.000
813.000	1.000	0.000	1.000	28263.931	0.000	26118.000	39476.000	1.000	1.000	1.000
814.000	2.000	0.000	2.000	230705.680	0.000	56035.000	10000000000.000	1.000	2.000	1.000
815.000	3.000	2.000	1.000	6823.776	0.000	6283.000	6876.000	1.000	1.000	1.000
816.000	2.000	1.000	1.000	7743.947	0.000	7250.000	8224.000	1.000	1.000	1.000
817.000	2.000	1.000	1.000	8842.165	0.000	8765.000	10410.000	1.000	1.000	1.000
818.000	3.000	2.000	1.000	12225.388	0.000	11292.000	14247.000	1.000	1.000	1.000
819.000	1.000	0.000	1.000	16410.576	0.000	15292.000	21840.000	1.000	1.000	1.000
820.000	2.000	1.000	1.000	31229.504	0.000	26118.000	39476.000	1.000	1.000	1.000
821.000	1.000	0.000	1.000	68230.534	0.000	56035.000	10000000000.000	1.000	1.000	1.000
822.000	4.000	2.000	2.000	5605.028	0.000	0.000	6000.000	1.000	2.000	1.000
823.000	4.000	3.000	1.000	6395.125	0.000	6283.000	6876.000	1.000	1.000	1.000
824.000	2.000	1.000	1.000	7563.440	0.000	7250.000	8224.000	1.000	1.000	1.000
825.000	4.000	3.000	1.000	9338.156	0.000	8765.000	10410.000	1.000	1.000	1.000
826.000	2.000	1.000	1.000	11439.809	0.000	11292.000	14247.000	1.000	1.000	1.000
827.000	2.000	1.000	1.000	15455.524	0.000	15292.000	21840.000	1.000	1.000	1.000
828.000	4.000	2.000	2.000	32177.269	0.000	26118.000	39476.000	1.000	1.000	2.000
829.000	2.000	0.000	2.000	113692.311	0.000	56035.000	10000000000.000	1.000	2.000	1.000
830.000	2.000	1.000	1.000	4903.146	0.000	0.000	6000.000	1.000	1.000	1.000
831.000	5.000	2.000	3.000	7476.001	0.000	7250.000	8224.000	1.000	1.000	2.000
832.000	2.000	1.000	1.000	8806.150	0.000	8765.000	10410.000	1.000	1.000	1.000
833.000	2.000	1.000	1.000	13663.720	0.000	11292.000	14247.000	1.000	1.000	1.000
834.000	7.000	4.000	3.000	15682.811	0.000	15292.000	21840.000	1.000	2.000	2.000
835.000	2.000	1.000	1.000	38980.696	0.000	26118.000	39476.000	1.000	1.000	1.000
836.000	1.000	0.000	1.000	128922.265	0.000	56035.000	10000000000.000	1.000	1.000	1.000
837.000	2.000	1.000	1.000	5188.750	0.000	0.000	6000.000	1.000	1.000	1.000
838.000	2.000	1.000	1.000	6781.552	0.000	6283.000	6876.000	1.000	1.000	1.000
839.000	4.000	3.000	1.000	7876.143	0.000	7250.000	8224.000	1.000	1.000	1.000
840.000	7.000	2.000	5.000	9385.893	0.000	8765.000	10410.000	1.000	1.000	3.000
841.000	2.000	1.000	1.000	13529.647	0.000	11292.000	14247.000	1.000	1.000	1.000
842.000	3.000	2.000	1.000	17945.469	0.000	15292.000	21840.000	1.000	1.000	1.000
843.000	7.000	3.000	4.000	32472.163	0.000	26118.000	39476.000	1.000	1.000	5.000
844.000	1.000	0.000	1.000	99513.257	0.000	56035.000	10000000000.000	1.000	1.000	1.000
845.000	2.000	1.000	1.000	5017.018	0.000	0.000	6000.000	1.000	1.000	1.000
846.000	2.000	1.000	1.000	6586.431	0.000	6283.000	6876.000	1.000	1.000	1.000
847.000	2.000	1.000	1.000	8794.209	0.000	8765.000	10410.000	1.000	1.000	1.000
848.000	3.000	1.000	2.000	12590.787	0.000	11292.000	14247.000	1.000	1.000	1.000
849.000	4.000	2.000	2.000	16481.319	0.000	15292.000	21840.000	1.000	2.000	1.000
850.000	83.000	0.000	83.000	12904.264	0.000	26118.000	39476.000	0.000	3.000	10.000
851.000	3.000	0.000	3.000	86783.376	0.000	56035.000	10000000000.000	1.000	3.000	1.000
852.000	2.000	1.000	1.000	4629.188	0.000	0.000	6000.000	1.000	1.000	1.000
853.000	2.000	1.000	1.000	6367.254	0.000	6283.000	6876.000	1.000	1.000	1.000
854.000	35.000	27.000	8.000	11287.546	0.000	7250.000	8224.000	0.000	3.000	10.000
855.000	5.000	2.000	3.000	10015.915	0.000	8765.000	10410.000	1.000	1.000	2.000
856.000	4.000	1.000	3.000	12677.910	0.000	11292.000	14247.000	1.000	1.000	1.000
857.000	5.000	3.000	2.000	21417.810	0.000	15292.000	21840.000	1.000	2.000	1.000
858.000	4.000	3.000	1.000	35903.516	0.000	26118.000	39476.000	1.000	1.000	1.000
859.000	2.000	0.000	2.000	88805.814	0.000	56035.000	10000000000.000	1.000	2.000	1.000
860.000	2.000	1.000	1.000	4204.864	0.000	0.000	6000.000	1.000	1.000	1.000
861.000	3.000	2.000	1.000	6704.906	0.000	6283.000	6876.000	1.000	1.000	1.000
862.000	4.000	3.000	1.000	7941.656	0.000	7250.000	8224.000	1.000	1.000	1.000
863.000	4.000	1.000	3.000	13912.880	0.000	11292.000	14247.000	1.000	1.000	1.000
864.000	15.000	0.000	15.000	19776.310	0.000	15292.000	21840.000	1.000	3.000	2.000
865.000	2.000	1.000	1.000	36971.002	0.000	26118.000	39476.000	1.000	1.000	1.000
866.000	40.000	0.000	40.000	68222.515	0.000	56035.000	10000000000.000	1.000	3.000	8.000
867.000	2.000	1.000	1.000	5139.966	0.000	0.000	6000.000	1.000	1.000	1.000
868.000	3.000	2.000	1.000	6472.792	0.000	6283.000	6876.000	1.000	1.000	1.000
869.000	11.000	8.000	3.000	8137.767	0.000	7250.000	8224.000	1.000	3.000	2.000
870.000	2.000	1.000	1.000	9360.266	0.000	8765.000	10410.000	1.000	1.000	1.000
871.000	2.000	1.000	1.000	14226.807	0.000	11292.000	14247.000	1.000	1.000	1.000
872.000	3.000	1.000	2.000	16408.411	0.000	15292.000	21840.000	1.000	1.000	1.000
873.000	2.000	0.000	2.000	26592.588	0.000	26118.000	39476.000	1.000	1.000	1.000
874.000	1.000	0.000	1.000	58008.795	0.000	56035.000	10000000000.000	1.000	1.000	1.000
875.000	4.000	2.000	2.000	4825.567	0.000	0.000	6000.000	1.000	2.000	1.000
876.000	3.000	2.000	1.000	6480.958	0.000	6283.000	6876.000	1.000	1.000	1.000
877.000	2.000	1.000	1.000	7677.460	0.000	7250.000	8224.000	1.000	1.000	1.000
878.000	3.000	2.000	1.000	9839.716	0.000	8765.000	10410.000	1.000	1.000	1.000
879.000	2.000	1.000	1.000	17705.996	0.000	15292.000	21840.000	1.000	1.000	1.000
880.000	2.000	1.000	1.000	30765.517	0.000	26118.000	39476.000	1.000	1.000	1.000
881.000	1.000	0.000	1.000	583997.774	0.000	56035.000	10000000000.000	1.000	1.000	1.000
882.000	2.000	1.000	1.000	5005.036	0.000	0.000	6000.000	1.000	1.000	1.000
883.000	2.000	1.000	1.000	6804.499	0.000	6283.000	6876.000	1.000	1.000	1.000
884.000	2.000	1.000	1.000	7836.007	0.000	7250.000	8224.000	1.000	1.000	1.000
885.000	3.000	2.000	1.000	9117.206	0.000	8765.000	10410.000	1.000	1.000	1.000
886.000	2.000	1.000	1.000	13874.527	0.000	11292.000	14247.000	1.000	1.000	1.000
887.000	9.000	3.000	6.000	16353.019	0.000	15292.000	21840.000	1.000	1.000	5.000
888.000	7.000	4.000	3.000	27068.127	0.000	26118.000	39476.000	1.000	1.000	5.000
889.000	1.000	0.000	1.000	166585.222	0.000	56035.000	10000000000.000	1.000	1.000	1.000
890.000	2.000	1.000	1.000	4063.410	0.000	0.000	6000.000	1.000	1.000	1.000
891.000	2.000	1.000	1.000	6674.238	0.000	6283.000	6876.000	1.000	1.000	1.000
892.000	2.000	1.000	1.000	7840.135	0.000	7250.000	8224.000	1.000	1.000	1.000
893.000	7.000	4.000	3.000	9395.768	0.000	8765.000	10410.000	1.000	3.000	1.000
894.000	9.000	6.000	3.000	12471.316	0.000	11292.000	14247.000	1.000	3.000	1.000
895.000	3.000	1.000	2.000	27306.015	0.000	26118.000	39476.000	1.000	1.000	1.000
896.000	2.000	0.000	2.000	71498.215	0.000	56035.000	10000000000.000	1.000	2.000	1.000
897.000	2.000	1.000	1.000	5989.219	0.000	0.000	6000.000	1.000	1.000	1.000
898.000	2.000	1.000	1.000	6858.700	0.000	6283.000	6876.000	1.000	1.000	1.000
899.000	2.000	1.000	1.000	7796.907	0.000	7250.000	8224.000	1.000	1.000	1.000
900.000	18.000	0.000	18.000	9499.321	0.000	8765.000	10410.000	1.000	3.000	1.000
901.000	3.000	0.000	3.000	12589.467	0.000	11292.000	14247.000	1.000	1.000	1.000
902.000	2.000	1.000	1.000	15821.012	0.000	15292.000	21840.000	1.000	1.000	1.000
903.000	3.000	1.000	2.000	32053.489	0.000	26118.000	39476.000	1.000	1.000	1.000
904.000	1.000	0.000	1.000	65845.510	0.000	56035.000	10000000000.000	1.000	1.000	1.000
905.000	2.000	1.000	1.000	4506.551	0.000	0.000	6000.000	1.000	1.000	1.000
906.000	2.000	1.000	1.000	6643.303	0.000	6283.000	6876.000	1.000	1.000	1.000
907.000	3.000	2.000	1.000	7860.376	0.000	7250.000	8224.000	1.000	1.000	1.000
908.000	2.000	1.000	1.000	9089.653	0.000	8765.000	10410.000	1.000	1.000	1.000
909.000	30.000	9.000	21.000	14063.832	0.000	11292.000	14247.000	1.000	3.000	4.000
910.000	2.000	1.000	1.000	20353.333	0.000	15292.000	21840.000	1.000	1.000	1.000
911.000	1.000	0.000	1.000	198425.553	0.000	56035.000	10000000000.000	1.000	1.000	1.000
912.000	2.000	1.000	1.000	4524.217	0.000	0.000	6000.000	1.000	1.000	1.000
913.000	6.000	5.000	1.000	6515.987	0.000	6283.000	6876.000	1.000	1.000	2.000
914.000	2.000	1.000	1.000	8025.873	0.000	7250.000	8224.000	1.000	1.000	1.000
915.000	2.000	1.000	1.000	10335.543	0.000	8765.000	10410.000	1.000	1.000	1.000
916.000	3.000	2.000	1.000	12765.171	0.000	11292.000	14247.000	1.000	1.000	1.000
917.000	2.000	1.000	1.000	19096.245	0.000	15292.000	21840.000	1.000	1.000	1.000
918.000	2.000	1.000	1.000	37402.162	0.000	26118.000	39476.000	1.000	1.000	1.000
919.000	1.000	0.000	1.000	189127.050	0.000	56035.000	10000000000.000	1.000	1.000	1.000
920.000	2.000	1.000	1.000	4407.627	0.000	0.000	6000.000	1.000	1.000	1.000
921.000	10.000	9.000	1.000	6835.440	0.000	6283.000	6876.000	1.000	1.000	3.000
922.000	3.000	2.000	1.000	7919.446	0.000	7250.000	8224.000	1.000	1.000	1.000
923.000	2.000	1.000	1.000	9249.329	0.000	8765.000	10410.000	1.000	1.000	1.000
924.000	5.000	2.000	3.000	11443.267	0.000	11292.000	14247.000	1.000	1.000	2.000
925.000	5.000	3.000	2.000	16492.089	0.000	15292.000	21840.000	1.000	2.000	1.000
926.000	15.000	9.000	6.000	32221.922	0.000	26118.000	39476.000	1.000	1.000	10.000
927.000	2.000	1.000	1.000	4545.556	0.000	0.000	6000.000	1.000	1.000	1.000
928.000	2.000	1.000	1.000	6861.726	0.000	6283.000	6876.000	1.000	1.000	1.000
929.000	3.000	2.000	1.000	7428.042	0.000	7250.000	8224.000	1.000	1.000	1.000
930.000	3.000	2.000	1.000	9426.257	0.000	8765.000	10410.000	1.000	1.000	1.000
931.000	2.000	1.000	1.000	12741.495	0.000	11292.000	14247.000	1.000	1.000	1.000
932.000	4.000	0.000	4.000	17450.507	0.000	15292.000	21840.000	1.000	1.000	1.000
933.000	11.000	10.000	1.000	36850.134	0.000	26118.000	39476.000	1.000	1.000	3.000
934.000	2.000	0.000	2.000	65043.775	0.000	56035.000	10000000000.000	1.000	2.000	1.000
935.000	2.000	1.000	1.000	5717.886	0.000	0.000	6000.000	1.000	1.000	1.000
936.000	3.000	2.000	1.000	6669.330	0.000	6283.000	6876.000	1.000	1.000	1.000
937.000	4.000	3.000	1.000	7488.039	0.000	7250.000	8224.000	1.000	1.000	1.000
938.000	5.000	2.000	3.000	10355.794	0.000	8765.000	10410.000	1.000	1.000	2.000
939.000	32.000	0.000	32.000	12730.877	0.000	11292.000	14247.000	1.000	3.000	2.000
940.000	2.000	1.000	1.000	18214.339	0.000	15292.000	21840.000	1.000	1.000	1.000
941.000	7.000	4.000	3.000	39416.099	0.000	26118.000	39476.000	1.000	1.000	4.000
942.000	2.000	0.000	2.000	92256.616	0.000	56035.000	10000000000.000	1.000	2.000	1.000
943.000	2.000	1.000	1.000	6648.198	0.000	6283.000	6876.000	1.000	1.000	1.000
944.000	2.000	1.000	1.000	8035.539	0.000	7250.000	8224.000	1.000	1.000	1.000
945.000	4.000	1.000	3.000	9209.051	0.000	8765.000	10410.000	1.000	1.000	1.000
946.000	3.000	1.000	2.000	11684.231	0.000	11292.000	14247.000	1.000	1.000	1.000
947.000	7.000	3.000	4.000	16973.510	0.000	15292.000	21840.000	1.000	1.000	4.000
948.000	9.000	4.000	5.000	31033.887	0.000	26118.000	39476.000	1.000	1.000	6.000
949.000	2.000	0.000	2.000	119242.834	0.000	56035.000	10000000000.000	1.000	2.000	1.000
950.000	2.000	1.000	1.000	5037.794	0.000	0.000	6000.000	1.000	1.000	1.000
951.000	4.000	3.000	1.000	6539.673	0.000	6283.000	6876.000	1.000	1.000	1.000
952.000	13.000	12.000	1.000	7639.001	0.000	7250.000	8224.000	1.000	1.000	4.000
953.000	9.000	4.000	5.000	9118.209	0.000	8765.000	10410.000	1.000	1.000	4.000
954.000	2.000	1.000	1.000	13079.001	0.000	11292.000	14247.000	1.000	1.000	1.000
955.000	39.000	0.000	39.000	19006.418	0.000	15292.000	21840.000	1.000	3.000	6.000
956.000	6.000	3.000	3.000	27347.824	0.000	26118.000	39476.000	1.000	1.000	4.000
957.000	1.000	0.000	1.000	85751.385	0.000	56035.000	10000000000.000	1.000	1.000	1.000
958.000	2.000	1.000	1.000	4500.518	0.000	0.000	6000.000	1.000	1.000	1.000
959.000	19.000	8.000	11.000	37231.442	0.000	7250.000	8224.000	0.000	1.000	10.000
960.000	18.000	4.000	14.000	8853.921	0.000	8765.000	10410.000	1.000	1.000	7.000
961.000	4.000	2.000	2.000	12039.407	0.000	11292.000	14247.000	1.000	2.000	1.000
962.000	2.000	1.000	1.000	18725.614	0.000	15292.000	21840.000	1.000	1.000	1.000
963.000	4.000	3.000	1.000	38523.677	0.000	26118.000	39476.000	1.000	1.000	1.000
964.000	1.000	0.000	1.000	118629.562	0.000	56035.000	10000000000.000	1.000	1.000	1.000
965.000	2.000	1.000	1.000	5587.592	0.000	0.000	6000.000	1.000	1.000	1.000
966.000	2.000	1.000	1.000	6557.476	0.000	6283.000	6876.000	1.000	1.000	1.000
967.000	3.000	2.000	1.000	7546.152	0.000	7250.000	8224.000	1.000	1.000	1.000
968.000	2.000	1.000	1.000	9165.285	0.000	8765.000	10410.000	1.000	1.000	1.000
969.000	2.000	1.000	1.000	13049.991	0.000	11292.000	14247.000	1.000	1.000	1.000
970.000	2.000	1.000	1.000	17150.194	0.000	15292.000	21840.000	1.000	1.000	1.000
971.000	8.000	3.000	5.000	32908.136	0.000	26118.000	39476.000	1.000	1.000	5.000
972.000	1.000	0.000	1.000	112306.580	0.000	56035.000	10000000000.000	1.000	1.000	1.000
973.000	2.000	1.000	1.000	4488.009	0.000	0.000	6000.000	1.000	1.000	1.000
974.000	4.000	3.000	1.000	6526.793	0.000	6283.000	6876.000	1.000	1.000	1.000
975.000	2.000	1.000	1.000	9126.260	0.000	8765.000	10410.000	1.000	1.000	1.000
976.000	1.000	0.000	1.000	13496.252	0.000	11292.000	14247.000	1.000	1.000	1.000
977.000	3.000	1.000	2.000	15995.390	0.000	15292.000	21840.000	1.000	2.000	1.000
978.000	3.000	2.000	1.000	33504.537	0.000	26118.000	39476.000	1.000	1.000	1.000
979.000	5.000	0.000	5.000	74241.464	0.000	56035.000	10000000000.000	1.000	3.000	1.000
980.000	2.000	1.000	1.000	4757.595	0.000	0.000	6000.000	1.000	1.000	1.000
981.000	2.000	1.000	1.000	6644.761	0.000	6283.000	6876.000	1.000	1.000	1.000
982.000	2.000	1.000	1.000	7983.470	0.000	7250.000	8224.000	1.000	1.000	1.000
983.000	1.000	0.000	1.000	9808.929	0.000	8765.000	10410.000	1.000	1.000	1.000
984.000	8.000	5.000	3.000	12811.468	0.000	11292.000	14247.000	1.000	3.000	1.000
985.000	2.000	0.000	2.000	16924.353	0.000	15292.000	21840.000	1.000	2.000	1.000
986.000	3.000	1.000	2.000	28230.713	0.000	26118.000	39476.000	1.000	1.000	1.000
987.000	1.000	0.000	1.000	348366.007	0.000	56035.000	10000000000.000	1.000	1.000	1.000
988.000	2.000	1.000	1.000	5208.498	0.000	0.000	6000.000	1.000	1.000	1.000
989.000	6.000	4.000	2.000	6587.926	0.000	6283.000	6876.000	1.000	2.000	1.000
990.000	4.000	3.000	1.000	7499.745	0.000	7250.000	8224.000	1.000	1.000	1.000
991.000	2.000	1.000	1.000	13380.012	0.000	11292.000	14247.000	1.000	1.000	1.000
992.000	3.000	2.000	1.000	17296.771	0.000	15292.000	21840.000	1.000	1.000	1.000
993.000	3.000	0.000	3.000	28509.394	0.000	26118.000	39476.000	1.000	1.000	1.000
994.000	1.000	0.000	1.000	56087.282	0.000	56035.000	10000000000.000	1.000	1.000	1.000
995.000	2.000	1.000	1.000	5839.804	0.000	0.000	6000.000	1.000	1.000	1.000
996.000	2.000	1.000	1.000	6624.590	0.000	6283.000	6876.000	1.000	1.000	1.000
997.000	2.000	1.000	1.000	7939.900	0.000	7250.000	8224.000	1.000	1.000	1.000
998.000	4.000	3.000	1.000	8921.070	0.000	8765.000	10410.000	1.000	1.000	1.000
999.000	4.000	3.000	1.000	12148.886	0.000	11292.000	14247.000	1.000	1.000	1.000
1000.000	1.000	0.000	1.000	17674.010	0.000	15292.000	21840.000	1.000	1.000	1.000
1001.000	2.000	1.000	1.000	32236.535	0.000	26118.000	39476.000	1.000	1.000	1.000
1002.000	1.000	0.000	1.000	109259.174	0.000	56035.000	10000000000.000	1.000	1.000	1.000
1003.000	2.000	1.000	1.000	5898.211	0.000	0.000	6000.000	1.000	1.000	1.000
1004.000	4.000	3.000	1.000	6651.804	0.000	6283.000	6876.000	1.000	1.000	1.000
1005.000	2.000	1.000	1.000	7955.333	0.000	7250.000	8224.000	1.000	1.000	1.000
1006.000	3.000	2.000	1.000	9512.735	0.000	8765.000	10410.000	1.000	1.000	1.000
1007.000	24.000	17.000	7.000	17455.930	0.000	15292.000	21840.000	1.000	1.000	9.000
1008.000	13.000	6.000	7.000	245625.078	0.000	26118.000	39476.000	0.000	1.000	10.000
1009.000	5.000	0.000	5.000	69260.342	0.000	56035.000	10000000000.000	1.000	3.000	1.000
1010.000	2.000	1.000	1.000	5447.579	0.000	0.000	6000.000	1.000	1.000	1.000
1011.000	4.000	2.000	2.000	6499.935	0.000	6283.000	6876.000	1.000	1.000	2.000
1012.000	3.000	2.000	1.000	7949.015	0.000	7250.000	8224.000	1.000	1.000	1.000
1013.000	3.000	2.000	1.000	9681.113	0.000	8765.000	10410.000	1.000	1.000	1.000
1014.000	4.000	3.000	1.000	12005.419	0.000	11292.000	14247.000	1.000	1.000	1.000
1015.000	26.000	23.000	3.000	18820.221	0.000	15292.000	21840.000	1.000	3.000	7.000
1016.000	3.000	2.000	1.000	30432.722	0.000	26118.000	39476.000	1.000	1.000	1.000
1017.000	1.000	0.000	1.000	247950.708	0.000	56035.000	10000000000.000	1.000	1.000	1.000
1018.000	2.000	1.000	1.000	4721.204	0.000	0.000	6000.000	1.000	1.000	1.000
1019.000	3.000	2.000	1.000	6847.144	0.000	6283.000	6876.000	1.000	1.000	1.000
1020.000	3.000	2.000	1.000	7983.689	0.000	7250.000	8224.000	1.000	1.000	1.000
1021.000	2.000	1.000	1.000	10216.248	0.000	8765.000	10410.000	1.000	1.000	1.000
1022.000	7.000	4.000	3.000	12777.722	0.000	11292.000	14247.000	1.000	3.000	1.000
1023.000	5.000	4.000	1.000	26600.508	0.000	26118.000	39476.000	1.000	1.000	1.000
1024.000	1.000	0.000	1.000	179543.470	0.000	56035.000	10000000000.000	1.000	1.000	1.000
1025.000	2.000	1.000	1.000	5794.944	0.000	0.000	6000.000	1.000	1.000	1.000
1026.000	3.000	1.000	2.000	6494.929	0.000	6283.000	6876.000	1.000	1.000	1.000
1027.000	2.000	1.000	1.000	8018.593	0.000	7250.000	8224.000	1.000	1.000	1.000
1028.000	2.000	1.000	1.000	9241.574	0.000	8765.000	10410.000	1.000	1.000	1.000
1029.000	1.000	0.000	1.000	13035.436	0.000	11292.000	14247.000	1.000	1.000	1.000
1030.000	2.000	1.000	1.000	17645.179	0.000	15292.000	21840.000	1.000	1.000	1.000
1031.000	21.000	0.000	21.000	29100.606	0.000	26118.000	39476.000	1.000	3.000	3.000
1032.000	2.000	0.000	2.000	79596.052	0.000	56035.000	10000000000.000	1.000	2.000	1.000
1033.000	2.000	1.000	1.000	4454.944	0.000	0.000	6000.000	1.000	1.000	1.000
1034.000	4.000	3.000	1.000	6407.360	0.000	6283.000	6876.000	1.000	1.000	1.000
1035.000	2.000	0.000	2.000	7757.936	0.000	7250.000	8224.000	1.000	2.000	1.000
1036.000	2.000	1.000	1.000	9637.022	0.000	8765.000	10410.000	1.000	1.000	1.000
1037.000	2.000	1.000	1.000	11819.319	0.000	11292.000	14247.000	1.000	1.000	1.000
1038.000	6.000	4.000	2.000	17220.062	0.000	15292.000	21840.000	1.000	1.000	2.000
1039.000	1.000	0.000	1.000	357887.722	0.000	56035.000	10000000000.000	1.000	1.000	1.000
1040.000	2.000	1.000	1.000	4234.664	0.000	0.000	6000.000	1.000	1.000	1.000
1041.000	2.000	1.000	1.000	6363.171	0.000	6283.000	6876.000	1.000	1.000	1.000
1042.000	2.000	1.000	1.000	8039.230	0.000	7250.000	8224.000	1.000	1.000	1.000
1043.000	3.000	1.000	2.000	9266.850	0.000	8765.000	10410.000	1.000	1.000	1.000
1044.000	2.000	1.000	1.000	11500.663	0.000	11292.000	14247.000	1.000	1.000	1.000
1045.000	5.000	2.000	3.000	18853.534	0.000	15292.000	21840.000	1.000	1.000	3.000
1046.000	8.000	4.000	4.000	26820.916	0.000	26118.000	39476.000	1.000	1.000	6.000
1047.000	2.000	0.000	2.000	139223.883	0.000	56035.000	10000000000.000	1.000	2.000	1.000
1048.000	1.000	0.000	1.000	5251.383	0.000	0.000	6000.000	1.000	1.000	1.000
1049.000	3.000	2.000	1.000	6728.584	0.000	6283.000	6876.000	1.000	1.000	1.000
1050.000	2.000	1.000	1.000	7449.299	0.000	7250.000	8224.000	1.000	1.000	1.000
1051.000	4.000	0.000	4.000	9694.559	0.000	8765.000	10410.000	1.000	1.000	1.000
1052.000	3.000	2.000	1.000	13063.843	0.000	11292.000	14247.000	1.000	1.000	1.000
1053.000	2.000	0.000	2.000	17550.928	0.000	15292.000	21840.000	1.000	2.000	1.000
1054.000	25.000	24.000	1.000	36815.079	0.000	26118.000	39476.000	1.000	1.000	8.000
1055.000	2.000	1.000	1.000	4418.189	0.000	0.000	6000.000	1.000	1.000	1.000
800.000	36.000	33.000	3.000	13675.415	0.000	7250.000	8224.000	0.000	3.000	10.000
801.000	2.000	1.000	1.000	9520.223	0.000	8765.000	10410.000	1.000	1.000	1.000
802.000	2.000	1.000	1.000	13176.326	0.000	11292.000	14247.000	1.000	1.000	1.000
803.000	6.000	4.000	2.000	19063.635	0.000	15292.000	21840.000	1.000	1.000	3.000
804.000	2.000	1.000	1.000	28214.476	0.000	26118.000	39476.000	1.000	1.000	1.000
805.000	1.000	0.000	1.000	108049.138	0.000	56035.000	10000000000.000	1.000	1.000	1.000
806.000	2.000	1.000	1.000	4308.482	0.000	0.000	6000.000	1.000	1.000	1.000
807.000	4.000	3.000	1.000	6855.311	0.000	6283.000	6876.000	1.000	1.000	1.000
808.000	2.000	1.000	1.000	7674.889	0.000	7250.000	8224.000	1.000	1.000	1.000
809.000	10.000	8.000	2.000	9905.985	0.000	8765.000	10410.000	1.000	2.000	3.000
810.000	4.000	1.000	3.000	11820.001	0.000	11292.000	14247.000	1.000	1.000	1.000
811.000	8.000	3.000	5.000	21052.097	0.000	15292.000	21840.000	1.000	2.000	3.000
812.000	4.000	2.000	2.000	31816.028	0.000	26118.000	39476.000	1.000	1.000	2.000
813.000	1.000	0.000	1.000	88353.010	0.000	56035.000	10000000000.000	1.000	1.000	1.000
814.000	3.000	2.000	1.000	6545.560	0.000	6283.000	6876.000	1.000	1.000	1.000
815.000	3.000	2.000	1.000	7440.530	0.000	7250.000	8224.000	1.000	1.000	1.000
816.000	2.000	1.000	1.000	8934.916	0.000	8765.000	10410.000	1.000	1.000	1.000
817.000	2.000	1.000	1.000	12835.878	0.000	11292.000	14247.000	1.000	1.000	1.000
818.000	5.000	4.000	1.000	15714.724	0.000	15292.000	21840.000	1.000	1.000	1.000
819.000	3.000	1.000	2.000	31374.664	0.000	26118.000	39476.000	1.000	1.000	1.000
820.000	1.000	0.000	1.000	151189.992	0.000	56035.000	10000000000.000	1.000	1.000	1.000
821.000	4.000	2.000	2.000	4831.177	0.000	0.000	6000.000	1.000	2.000	1.000
822.000	2.000	1.000	1.000	6522.442	0.000	6283.000	6876.000	1.000	1.000	1.000
823.000	2.000	1.000	1.000	8040.306	0.000	7250.000	8224.000	1.000	1.000	1.000
824.000	2.000	1.000	1.000	8893.280	0.000	8765.000	10410.000	1.000	1.000	1.000
825.000	2.000	1.000	1.000	14114.041	0.000	11292.000	14247.000	1.000	1.000	1.000
826.000	2.000	1.000	1.000	18359.703	0.000	15292.000	21840.000	1.000	1.000	1.000
827.000	3.000	2.000	1.000	27975.841	0.000	26118.000	39476.000	1.000	1.000	1.000
828.000	1.000	0.000	1.000	78998.481	0.000	56035.000	10000000000.000	1.000	1.000	1.000
829.000	2.000	1.000	1.000	4579.106	0.000	0.000	6000.000	1.000	1.000	1.000
830.000	8.000	3.000	5.000	7329.100	0.000	7250.000	8224.000	1.000	1.000	4.000
831.000	1.000	0.000	1.000	9624.213	0.000	8765.000	10410.000	1.000	1.000	1.000
832.000	2.000	1.000	1.000	11638.784	0.000	11292.000	14247.000	1.000	1.000	1.000
833.000	2.000	1.000	1.000	16359.779	0.000	15292.000	21840.000	1.000	1.000	1.000
834.000	2.000	1.000	1.000	34389.117	0.000	26118.000	39476.000	1.000	1.000	1.000
835.000	1.000	0.000	1.000	201036.867	0.000	56035.000	10000000000.000	1.000	1.000	1.000
836.000	2.000	1.000	1.000	4968.884	0.000	0.000	6000.000	1.000	1.000	1.000
837.000	2.000	1.000	1.000	6386.190	0.000	6283.000	6876.000	1.000	1.000	1.000
838.000	2.000	1.000	1.000	7756.433	0.000	7250.000	8224.000	1.000	1.000	1.000
839.000	2.000	1.000	1.000	8987.506	0.000	8765.000	10410.000	1.000	1.000	1.000
840.000	20.000	7.000	13.000	16751.705	0.000	11292.000	14247.000	0.000	1.000	10.000
841.000	3.000	0.000	3.000	19110.076	0.000	15292.000	21840.000	1.000	1.000	1.000
842.000	4.000	2.000	2.000	27893.392	0.000	26118.000	39476.000	1.000	1.000	2.000
843.000	5.000	0.000	5.000	134120.062	0.000	56035.000	10000000000.000	1.000	3.000	1.000
844.000	2.000	1.000	1.000	4875.404	0.000	0.000	6000.000	1.000	1.000	1.000
845.000	2.000	1.000	1.000	6732.786	0.000	6283.000	6876.000	1.000	1.000	1.000
846.000	4.000	1.000	3.000	9406.629	0.000	8765.000	10410.000	1.000	1.000	1.000
847.000	3.000	2.000	1.000	13992.023	0.000	11292.000	14247.000	1.000	1.000	1.000
848.000	3.000	2.000	1.000	18757.482	0.000	15292.000	21840.000	1.000	1.000	1.000
849.000	4.000	3.000	1.000	27532.008	0.000	26118.000	39476.000	1.000	1.000	1.000
850.000	53.000	0.000	53.000	11314.534	0.000	56035.000	10000000000.000	0.000	3.000	10.000
851.000	2.000	1.000	1.000	4035.538	0.000	0.000	6000.000	1.000	1.000	1.000
852.000	36.000	33.000	3.000	8848.860	0.000	6283.000	6876.000	0.000	3.000	10.000
853.000	2.000	1.000	1.000	7324.153	0.000	7250.000	8224.000	1.000	1.000	1.000
854.000	17.000	0.000	17.000	8838.396	0.000	8765.000	10410.000	1.000	3.000	1.000
855.000	2.000	1.000	1.000	12099.255	0.000	11292.000	14247.000	1.000	1.000	1.000
856.000	2.000	1.000	1.000	19611.837	0.000	15292.000	21840.000	1.000	1.000	1.000
857.000	10.000	3.000	7.000	38098.492	0.000	26118.000	39476.000	1.000	1.000	2.000
858.000	1.000	0.000	1.000	159717.698	0.000	56035.000	10000000000.000	1.000	1.000	1.000
859.000	2.000	1.000	1.000	5195.616	0.000	0.000	6000.000	1.000	1.000	1.000
860.000	3.000	2.000	1.000	6499.426	0.000	6283.000	6876.000	1.000	1.000	1.000
861.000	3.000	2.000	1.000	8041.959	0.000	7250.000	8224.000	1.000	1.000	1.000
862.000	3.000	1.000	2.000	11553.461	0.000	11292.000	14247.000	1.000	1.000	1.000
863.000	2.000	1.000	1.000	17246.581	0.000	15292.000	21840.000	1.000	1.000	1.000
864.000	43.000	21.000	22.000	58341.107	0.000	26118.000	39476.000	0.000	3.000	10.000
865.000	1.000	0.000	1.000	254026.955	0.000	56035.000	10000000000.000	1.000	1.000	1.000
866.000	1.000	0.000	1.000	5255.321	0.000	0.000	6000.000	1.000	1.000	1.000
867.000	2.000	1.000	1.000	6323.797	0.000	6283.000	6876.000	1.000	1.000	1.000
868.000	2.000	1.000	1.000	7989.788	0.000	7250.000	8224.000	1.000	1.000	1.000
869.000	7.000	6.000	1.000	9180.771	0.000	8765.000	10410.000	1.000	1.000	2.000
870.000	2.000	1.000	1.000	12435.072	0.000	11292.000	14247.000	1.000	1.000	1.000
871.000	4.000	2.000	2.000	16913.340	0.000	15292.000	21840.000	1.000	2.000	1.000
872.000	5.000	1.000	4.000	27267.749	0.000	26118.000	39476.000	1.000	2.000	1.000
873.000	1.000	0.000	1.000	85243.497	0.000	56035.000	10000000000.000	1.000	1.000	1.000
874.000	2.000	1.000	1.000	5066.005	0.000	0.000	6000.000	1.000	1.000	1.000
875.000	4.000	3.000	1.000	6576.631	0.000	6283.000	6876.000	1.000	1.000	1.000
876.000	2.000	1.000	1.000	8149.591	0.000	7250.000	8224.000	1.000	1.000	1.000
877.000	2.000	1.000	1.000	9956.105	0.000	8765.000	10410.000	1.000	1.000	1.000
878.000	7.000	5.000	2.000	19637.158	0.000	15292.000	21840.000	1.000	2.000	1.000
879.000	2.000	1.000	1.000	36426.583	0.000	26118.000	39476.000	1.000	1.000	1.000
880.000	2.000	0.000	2.000	246215.439	0.000	56035.000	10000000000.000	1.000	2.000	1.000
881.000	2.000	1.000	1.000	4884.518	0.000	0.000	6000.000	1.000	1.000	1.000
882.000	2.000	1.000	1.000	6747.642	0.000	6283.000	6876.000	1.000	1.000	1.000
883.000	3.000	2.000	1.000	7266.879	0.000	7250.000	8224.000	1.000	1.000	1.000
884.000	2.000	1.000	1.000	8986.300	0.000	8765.000	10410.000	1.000	1.000	1.000
885.000	2.000	1.000	1.000	11461.530	0.000	11292.000	14247.000	1.000	1.000	1.000
886.000	2.000	1.000	1.000	17952.868	0.000	15292.000	21840.000	1.000	1.000	1.000
887.000	2.000	1.000	1.000	27967.753	0.000	26118.000	39476.000	1.000	1.000	1.000
888.000	1.000	0.000	1.000	125421.819	0.000	56035.000	10000000000.000	1.000	1.000	1.000
889.000	2.000	1.000	1.000	4281.235	0.000	0.000	6000.000	1.000	1.000	1.000
890.000	6.000	3.000	3.000	6543.469	0.000	6283.000	6876.000	1.000	1.000	3.000
891.000	3.000	2.000	1.000	7785.283	0.000	7250.000	8224.000	1.000	1.000	1.000
892.000	2.000	1.000	1.000	9379.120	0.000	8765.000	10410.000	1.000	1.000	1.000
893.000	11.000	9.000	2.000	13353.900	0.000	11292.000	14247.000	1.000	1.000	4.000
894.000	27.000	25.000	2.000	24618.763	0.000	26118.000	39476.000	0.000	1.000	10.000
895.000	1.000	0.000	1.000	350928.296	0.000	56035.000	10000000000.000	1.000	1.000	1.000
896.000	2.000	1.000	1.000	4429.607	0.000	0.000	6000.000	1.000	1.000	1.000
897.000	3.000	2.000	1.000	6388.580	0.000	6283.000	6876.000	1.000	1.000	1.000
898.000	2.000	1.000	1.000	7263.151	0.000	7250.000	8224.000	1.000	1.000	1.000
899.000	2.000	1.000	1.000	9401.170	0.000	8765.000	10410.000	1.000	1.000	1.000
900.000	17.000	0.000	17.000	11971.294	0.000	11292.000	14247.000	1.000	3.000	1.000
901.000	2.000	1.000	1.000	17970.746	0.000	15292.000	21840.000	1.000	1.000	1.000
902.000	3.000	1.000	2.000	26881.361	0.000	26118.000	39476.000	1.000	1.000	1.000
903.000	2.000	0.000	2.000	87973.631	0.000	56035.000	10000000000.000	1.000	2.000	1.000
904.000	2.000	1.000	1.000	5234.195	0.000	0.000	6000.000	1.000	1.000	1.000
905.000	3.000	2.000	1.000	6788.094	0.000	6283.000	6876.000	1.000	1.000	1.000
906.000	2.000	1.000	1.000	7971.720	0.000	7250.000	8224.000	1.000	1.000	1.000
907.000	7.000	6.000	1.000	9754.071	0.000	8765.000	10410.000	1.000	1.000	2.000
908.000	12.000	2.000	10.000	13820.574	0.000	11292.000	14247.000	1.000	1.000	2.000
909.000	34.000	0.000	34.000	16917.119	0.000	15292.000	21840.000	1.000	3.000	6.000
910.000	2.000	0.000	2.000	74121.389	0.000	56035.000	10000000000.000	1.000	2.000	1.000
911.000	2.000	1.000	1.000	4134.058	0.000	0.000	6000.000	1.000	1.000	1.000
912.000	3.000	2.000	1.000	6737.201	0.000	6283.000	6876.000	1.000	1.000	1.000
913.000	2.000	1.000	1.000	7557.122	0.000	7250.000	8224.000	1.000	1.000	1.000
914.000	2.000	1.000	1.000	9665.450	0.000	8765.000	10410.000	1.000	1.000	1.000
915.000	5.000	2.000	3.000	12332.307	0.000	11292.000	14247.000	1.000	1.000	2.000
916.000	3.000	1.000	2.000	18252.425	0.000	15292.000	21840.000	1.000	2.000	1.000
917.000	23.000	15.000	8.000	33584.011	0.000	26118.000	39476.000	1.000	3.000	10.000
918.000	1.000	0.000	1.000	238232.806	0.000	56035.000	10000000000.000	1.000	1.000	1.000
919.000	2.000	1.000	1.000	4129.666	0.000	0.000	6000.000	1.000	1.000	1.000
920.000	3.000	2.000	1.000	6386.096	0.000	6283.000	6876.000	1.000	1.000	1.000
921.000	1.000	0.000	1.000	8152.300	0.000	7250.000	8224.000	1.000	1.000	1.000
922.000	2.000	1.000	1.000	8920.796	0.000	8765.000	10410.000	1.000	1.000	1.000
923.000	2.000	1.000	1.000	12054.532	0.000	11292.000	14247.000	1.000	1.000	1.000
924.000	4.000	3.000	1.000	19128.968	0.000	15292.000	21840.000	1.000	1.000	1.000
925.000	6.000	3.000	3.000	32104.307	0.000	26118.000	39476.000	1.000	2.000	2.000
926.000	2.000	1.000	1.000	5395.327	0.000	0.000	6000.000	1.000	1.000	1.000
927.000	7.000	6.000	1.000	6519.243	0.000	6283.000	6876.000	1.000	1.000	2.000
928.000	2.000	1.000	1.000	8051.440	0.000	7250.000	8224.000	1.000	1.000	1.000
929.000	3.000	2.000	1.000	8905.240	0.000	8765.000	10410.000	1.000	1.000	1.000
930.000	2.000	1.000	1.000	13100.401	0.000	11292.000	14247.000	1.000	1.000	1.000
931.000	2.000	1.000	1.000	20670.043	0.000	15292.000	21840.000	1.000	1.000	1.000
932.000	10.000	1.000	9.000	32926.179	0.000	26118.000	39476.000	1.000	2.000	2.000
933.000	1.000	0.000	1.000	140623.542	0.000	56035.000	10000000000.000	1.000	1.000	1.000
934.000	2.000	1.000	1.000	4273.702	0.000	0.000	6000.000	1.000	1.000	1.000
935.000	3.000	2.000	1.000	6770.176	0.000	6283.000	6876.000	1.000	1.000	1.000
936.000	2.000	1.000	1.000	7404.638	0.000	7250.000	8224.000	1.000	1.000	1.000
937.000	4.000	1.000	3.000	9238.387	0.000	8765.000	10410.000	1.000	1.000	1.000
938.000	8.000	5.000	3.000	11568.735	0.000	11292.000	14247.000	1.000	1.000	3.000
939.000	32.000	1.000	31.000	21016.402	0.000	15292.000	21840.000	1.000	3.000	6.000
940.000	7.000	4.000	3.000	31888.560	0.000	26118.000	39476.000	1.000	1.000	4.000
941.000	3.000	0.000	3.000	72067.787	0.000	56035.000	10000000000.000	1.000	3.000	1.000
942.000	3.000	2.000	1.000	6482.454	0.000	6283.000	6876.000	1.000	1.000	1.000
943.000	2.000	1.000	1.000	7825.567	0.000	7250.000	8224.000	1.000	1.000	1.000
944.000	2.000	1.000	1.000	9348.382	0.000	8765.000	10410.000	1.000	1.000	1.000
945.000	2.000	1.000	1.000	12535.953	0.000	11292.000	14247.000	1.000	1.000	1.000
946.000	3.000	2.000	1.000	16003.842	0.000	15292.000	21840.000	1.000	1.000	1.000
947.000	7.000	4.000	3.000	26978.391	0.000	26118.000	39476.000	1.000	1.000	4.000
948.000	1.000	0.000	1.000	144234.051	0.000	56035.000	10000000000.000	1.000	1.000	1.000
949.000	2.000	1.000	1.000	4918.844	0.000	0.000	6000.000	1.000	1.000	1.000
950.000	2.000	1.000	1.000	6654.295	0.000	6283.000	6876.000	1.000	1.000	1.000
951.000	3.000	2.000	1.000	8219.210	0.000	7250.000	8224.000	1.000	1.000	1.000
952.000	7.000	4.000	3.000	9696.799	0.000	8765.000	10410.000	1.000	3.000	1.000
953.000	4.000	2.000	2.000	12197.388	0.000	11292.000	14247.000	1.000	2.000	1.000
954.000	5.000	2.000	3.000	15323.608	0.000	15292.000	21840.000	1.000	1.000	2.000
955.000	83.000	0.000	83.000	10196.091	0.000	26118.000	39476.000	0.000	3.000	10.000
956.000	2.000	0.000	2.000	94571.235	0.000	56035.000	10000000000.000	1.000	2.000	1.000
957.000	2.000	1.000	1.000	4371.157	0.000	0.000	6000.000	1.000	1.000	1.000
958.000	5.000	2.000	3.000	7375.474	0.000	7250.000	8224.000	1.000	1.000	2.000
959.000	2.000	1.000	1.000	9562.803	0.000	8765.000	10410.000	1.000	1.000	1.000
960.000	2.000	1.000	1.000	12829.495	0.000	11292.000	14247.000	1.000	1.000	1.000
961.000	2.000	1.000	1.000	16383.635	0.000	15292.000	21840.000	1.000	1.000	1.000
962.000	1.000	0.000	1.000	30772.312	0.000	26118.000	39476.000	1.000	1.000	1.000
963.000	1.000	0.000	1.000	79124.106	0.000	56035.000	10000000000.000	1.000	1.000	1.000
964.000	2.000	1.000	1.000	4549.362	0.000	0.000	6000.000	1.000	1.000	1.000
965.000	2.000	1.000	1.000	6832.865	0.000	6283.000	6876.000	1.000	1.000	1.000
966.000	2.000	1.000	1.000	8121.827	0.000	7250.000	8224.000	1.000	1.000	1.000
967.000	3.000	2.000	1.000	9099.366	0.000	8765.000	10410.000	1.000	1.000	1.000
968.000	3.000	1.000	2.000	12251.233	0.000	11292.000	14247.000	1.000	1.000	1.000
969.000	2.000	1.000	1.000	20123.552	0.000	15292.000	21840.000	1.000	1.000	1.000
970.000	4.000	2.000	2.000	26563.383	0.000	26118.000	39476.000	1.000	1.000	2.000
971.000	3.000	0.000	3.000	99536.008	0.000	56035.000	10000000000.000	1.000	3.000	1.000
972.000	2.000	1.000	1.000	5899.270	0.000	0.000	6000.000	1.000	1.000	1.000
973.000	2.000	1.000	1.000	6820.609	0.000	6283.000	6876.000	1.000	1.000	1.000
974.000	4.000	0.000	4.000	8946.161	0.000	8765.000	10410.000	1.000	1.000	1.000
975.000	2.000	1.000	1.000	13355.590	0.000	11292.000	14247.000	1.000	1.000	1.000
976.000	1.000	0.000	1.000	21230.984	0.000	15292.000	21840.000	1.000	1.000	1.000
977.000	2.000	0.000	2.000	33625.187	0.000	26118.000	39476.000	1.000	1.000	1.000
978.000	1.000	0.000	1.000	200932.487	0.000	56035.000	10000000000.000	1.000	1.000	1.000
979.000	2.000	1.000	1.000	5644.852	0.000	0.000	6000.000	1.000	1.000	1.000
980.000	3.000	2.000	1.000	6530.403	0.000	6283.000	6876.000	1.000	1.000	1.000
981.000	18.000	7.000	11.000	6270.154	0.000	7250.000	8224.000	0.000	1.000	10.000
982.000	4.000	1.000	3.000	8976.573	0.000	8765.000	10410.000	1.000	1.000	1.000
983.000	4.000	1.000	3.000	11947.968	0.000	11292.000	14247.000	1.000	1.000	1.000
984.000	12.000	9.000	3.000	15684.648	0.000	15292.000	21840.000	1.000	3.000	2.000
985.000	13.000	4.000	9.000	37582.564	0.000	26118.000	39476.000	1.000	3.000	3.000
986.000	2.000	0.000	2.000	61811.672	0.000	56035.000	10000000000.000	1.000	2.000	1.000
987.000	2.000	1.000	1.000	4745.526	0.000	0.000	6000.000	1.000	1.000	1.000
988.000	3.000	2.000	1.000	6445.517	0.000	6283.000	6876.000	1.000	1.000	1.000
989.000	6.000	4.000	2.000	7256.916	0.000	7250.000	8224.000	1.000	1.000	2.000
990.000	12.000	4.000	8.000	11507.692	0.000	11292.000	14247.000	1.000	1.000	7.000
991.000	2.000	1.000	1.000	17402.031	0.000	15292.000	21840.000	1.000	1.000	1.000
992.000	5.000	3.000	2.000	33542.935	0.000	26118.000	39476.000	1.000	1.000	2.000
993.000	12.000	0.000	12.000	60055.247	0.000	56035.000	10000000000.000	1.000	3.000	2.000
994.000	2.000	1.000	1.000	4714.372	0.000	0.000	6000.000	1.000	1.000	1.000
995.000	4.000	3.000	1.000	6846.592	0.000	6283.000	6876.000	1.000	1.000	1.000
996.000	2.000	1.000	1.000	7715.745	0.000	7250.000	8224.000	1.000	1.000	1.000
997.000	2.000	1.000	1.000	9868.991	0.000	8765.000	10410.000	1.000	1.000	1.000
998.000	2.000	1.000	1.000	14055.035	0.000	11292.000	14247.000	1.000	1.000	1.000
999.000	4.000	3.000	1.000	17765.059	0.000	15292.000	21840.000	1.000	1.000	1.000
1000.000	3.000	0.000	3.000	30486.531	0.000	26118.000	39476.000	1.000	1.000	1.000
1001.000	1.000	0.000	1.000	108378.628	0.000	56035.000	10000000000.000	1.000	1.000	1.000
1002.000	2.000	1.000	1.000	5353.341	0.000	0.000	6000.000	1.000	1.000	1.000
1003.000	3.000	2.000	1.000	6706.482	0.000	6283.000	6876.000	1.000	1.000	1.000
1004.000	3.000	2.000	1.000	8050.509	0.000	7250.000	8224.000	1.000	1.000	1.000
1005.000	3.000	1.000	2.000	9498.544	0.000	8765.000	10410.000	1.000	1.000	1.000
1006.000	3.000	2.000	1.000	20499.722	0.000	15292.000	21840.000	1.000	1.000	1.000
1007.000	2.000	1.000	1.000	30991.913	0.000	26118.000	39476.000	1.000	1.000	1.000
1008.000	1.000	0.000	1.000	940324.459	0.000	56035.000	10000000000.000	1.000	1.000	1.000
1009.000	2.000	1.000	1.000	4149.241	0.000	0.000	6000.000	1.000	1.000	1.000
1010.000	4.000	3.000	1.000	6462.260	0.000	6283.000	6876.000	1.000	1.000	1.000
1011.000	2.000	1.000	1.000	7963.318	0.000	7250.000	8224.000	1.000	1.000	1.000
1012.000	8.000	2.000	6.000	9355.087	0.000	8765.000	10410.000	1.000	1.000	3.000
1013.000	4.000	2.000	2.000	12308.294	0.000	11292.000	14247.000	1.000	1.000	2.000
1014.000	7.000	5.000	2.000	16801.159	0.000	15292.000	21840.000	1.000	2.000	1.000
1015.000	13.000	11.000	2.000	27464.273	0.000	26118.000	39476.000	1.000	1.000	5.000
1016.000	1.000	0.000	1.000	76590.743	0.000	56035.000	10000000000.000	1.000	1.000	1.000
1017.000	2.000	1.000	1.000	4863.443	0.000	0.000	6000.000	1.000	1.000	1.000
1018.000	3.000	2.000	1.000	6873.534	0.000	6283.000	6876.000	1.000	1.000	1.000
1019.000	2.000	1.000	1.000	7543.537	0.000	7250.000	8224.000	1.000	1.000	1.000
1020.000	3.000	1.000	2.000	9272.500	0.000	8765.000	10410.000	1.000	1.000	1.000
1021.000	11.000	3.000	8.000	11778.629	0.000	11292.000	14247.000	1.000	1.000	5.000
1022.000	9.000	5.000	4.000	36062.623	0.000	26118.000	39476.000	1.000	1.000	5.000
1023.000	1.000	0.000	1.000	154626.586	0.000	56035.000	10000000000.000	1.000	1.000	1.000
1024.000	4.000	2.000	2.000	4280.330	0.000	0.000	6000.000	1.000	2.000	1.000
1025.000	3.000	2.000	1.000	6410.309	0.000	6283.000	6876.000	1.000	1.000	1.000
1026.000	2.000	1.000	1.000	7783.091	0.000	7250.000	8224.000	1.000	1.000	1.000
1027.000	4.000	2.000	2.000	8893.575	0.000	8765.000	10410.000	1.000	1.000	2.000
1028.000	3.000	2.000	1.000	12018.054	0.000	11292.000	14247.000	1.000	1.000	1.000
1029.000	4.000	2.000	2.000	15558.185	0.000	15292.000	21840.000	1.000	1.000	2.000
1030.000	3.000	2.000	1.000	35611.310	0.000	26118.000	39476.000	1.000	1.000	1.000
1031.000	25.000	0.000	25.000	80781.242	0.000	56035.000	10000000000.000	1.000	3.000	5.000
1032.000	2.000	1.000	1.000	4767.970	0.000	0.000	6000.000	1.000	1.000	1.000
1033.000	2.000	1.000	1.000	6872.327	0.000	6283.000	6876.000	1.000	1.000	1.000
1034.000	2.000	1.000	1.000	7927.972	0.000	7250.000	8224.000	1.000	1.000	1.000
1035.000	4.000	3.000	1.000	9440.155	0.000	8765.000	10410.000	1.000	1.000	1.000
1036.000	2.000	1.000	1.000	12726.551	0.000	11292.000	14247.000	1.000	1.000	1.000
1037.000	1.000	0.000	1.000	17374.165	0.000	15292.000	21840.000	1.000	1.000	1.000
1038.000	8.000	0.000	8.000	84908.923	0.000	56035.000	10000000000.000	1.000	3.000	1.000
1039.000	4.000	2.000	2.000	4553.603	0.000	0.000	6000.000	1.000	2.000	1.000
1040.000	3.000	2.000	1.000	6767.597	0.000	6283.000	6876.000	1.000	1.000	1.000
1041.000	2.000	1.000	1.000	7383.197	0.000	7250.000	8224.000	1.000	1.000	1.000
1042.000	2.000	1.000	1.000	9032.701	0.000	8765.000	10410.000	1.000	1.000	1.000
1043.000	11.000	3.000	8.000	13154.678	0.000	11292.000	14247.000	1.000	1.000	5.000
1044.000	7.000	2.000	5.000	18534.194	0.000	15292.000	21840.000	1.000	1.000	3.000
1045.000	2.000	1.000	1.000	38197.935	0.000	26118.000	39476.000	1.000	1.000	1.000
1046.000	1.000	0.000	1.000	84355.737	0.000	56035.000	10000000000.000	1.000	1.000	1.000
1047.000	2.000	1.000	1.000	4723.816	0.000	0.000	6000.000	1.000	1.000	1.000
1048.000	12.000	4.000	8.000	6805.669	0.000	6283.000	6876.000	1.000	1.000	3.000
1049.000	3.000	2.000	1.000	7279.896	0.000	7250.000	8224.000	1.000	1.000	1.000
1050.000	2.000	1.000	1.000	8938.309	0.000	8765.000	10410.000	1.000	1.000	1.000
1051.000	6.000	0.000	6.000	11876.103	0.000	11292.000	14247.000	1.000	1.000	1.000
1052.000	6.000	4.000	2.000	18213.577	0.000	15292.000	21840.000	1.000	2.000	1.000
1053.000	2.000	0.000	2.000	29065.636	0.000	26118.000	39476.000	1.000	2.000	1.000
1054.000	2.000	1.000	1.000	4493.550	0.000	0.000	6000.000	1.000	1.000	1.000
1055.000	8.000	6.000	2.000	6571.060	0.000	6283.000	6876.000	1.000	2.000	2.000
800.000	36.000	33.000	3.000	21234.609	0.000	8765.000	10410.000	0.000	3.000	10.000
801.000	9.000	6.000	3.000	14220.127	0.000	11292.000	14247.000	1.000	1.000	3.000
802.000	3.000	1.000	2.000	19275.590	0.000	15292.000	21840.000	1.000	1.000	1.000
803.000	3.000	2.000	1.000	31807.601	0.000	26118.000	39476.000	1.000	1.000	1.000
804.000	2.000	0.000	2.000	67301.053	0.000	56035.000	10000000000.000	1.000	2.000	1.000
805.000	2.000	1.000	1.000	5325.194	0.000	0.000	6000.000	1.000	1.000	1.000
806.000	3.000	1.000	2.000	6336.672	0.000	6283.000	6876.000	1.000	1.000	1.000
807.000	5.000	4.000	1.000	7371.852	0.000	7250.000	8224.000	1.000	1.000	1.000
808.000	2.000	1.000	1.000	9629.774	0.000	8765.000	10410.000	1.000	1.000	1.000
809.000	11.000	0.000	11.000	12340.566	0.000	11292.000	14247.000	1.000	1.000	1.000
810.000	2.000	1.000	1.000	21631.303	0.000	15292.000	21840.000	1.000	1.000	1.000
811.000	4.000	2.000	2.000	27763.100	0.000	26118.000	39476.000	1.000	1.000	2.000
812.000	1.000	0.000	1.000	103153.087	0.000	56035.000	10000000000.000	1.000	1.000	1.000
813.000	3.000	2.000	1.000	6623.418	0.000	6283.000	6876.000	1.000	1.000	1.000
814.000	3.000	2.000	1.000	7691.176	0.000	7250.000	8224.000	1.000	1.000	1.000
815.000	2.000	1.000	1.000	8940.627	0.000	8765.000	10410.000	1.000	1.000	1.000
816.000	2.000	1.000	1.000	11373.316	0.000	11292.000	14247.000	1.000	1.000	1.000
817.000	6.000	3.000	3.000	19071.150	0.000	15292.000	21840.000	1.000	3.000	1.000
818.000	6.000	4.000	2.000	39077.788	0.000	26118.000	39476.000	1.000	1.000	3.000
819.000	5.000	0.000	5.000	141377.004	0.000	56035.000	10000000000.000	1.000	3.000	1.000
820.000	2.000	1.000	1.000	4144.570	0.000	0.000	6000.000	1.000	1.000	1.000
821.000	2.000	1.000	1.000	6714.355	0.000	6283.000	6876.000	1.000	1.000	1.000
822.000	2.000	1.000	1.000	7673.468	0.000	7250.000	8224.000	1.000	1.000	1.000
823.000	6.000	2.000	4.000	9516.400	0.000	8765.000	10410.000	1.000	1.000	2.000
824.000	2.000	1.000	1.000	12094.718	0.000	11292.000	14247.000	1.000	1.000	1.000
825.000	4.000	3.000	1.000	17809.934	0.000	15292.000	21840.000	1.000	1.000	1.000
826.000	1.000	0.000	1.000	30318.018	0.000	26118.000	39476.000	1.000	1.000	1.000
827.000	1.000	0.000	1.000	93219.602	0.000	56035.000	10000000000.000	1.000	1.000	1.000
828.000	2.000	1.000	1.000	5134.715	0.000	0.000	6000.000	1.000	1.000	1.000
829.000	4.000	1.000	3.000	8081.855	0.000	7250.000	8224.000	1.000	1.000	1.000
830.000	4.000	1.000	3.000	8860.678	0.000	8765.000	10410.000	1.000	1.000	1.000
831.000	2.000	1.000	1.000	11796.062	0.000	11292.000	14247.000	1.000	1.000	1.000
832.000	4.000	2.000	2.000	17029.778	0.000	15292.000	21840.000	1.000	1.000	2.000
833.000	5.000	4.000	1.000	37142.901	0.000	26118.000	39476.000	1.000	1.000	1.000
834.000	2.000	0.000	2.000	158100.946	0.000	56035.000	10000000000.000	1.000	2.000	1.000
835.000	2.000	1.000	1.000	3955.608	0.000	0.000	6000.000	1.000	1.000	1.000
836.000	3.000	2.000	1.000	6817.765	0.000	6283.000	6876.000	1.000	1.000	1.000
837.000	2.000	1.000	1.000	7939.158	0.000	7250.000	8224.000	1.000	1.000	1.000
838.000	3.000	2.000	1.000	9004.096	0.000	8765.000	10410.000	1.000	1.000	1.000
839.000	3.000	2.000	1.000	13403.801	0.000	11292.000	14247.000	1.000	1.000	1.000
840.000	2.000	1.000	1.000	15414.279	0.000	15292.000	21840.000	1.000	1.000	1.000
841.000	4.000	1.000	3.000	28965.563	0.000	26118.000	39476.000	1.000	1.000	1.000
842.000	1.000	0.000	1.000	65922.778	0.000	56035.000	10000000000.000	1.000	1.000	1.000
843.000	2.000	1.000	1.000	4820.025	0.000	0.000	6000.000	1.000	1.000	1.000
844.000	2.000	1.000	1.000	6431.342	0.000	6283.000	6876.000	1.000	1.000	1.000
845.000	2.000	1.000	1.000	10209.660	0.000	8765.000	10410.000	1.000	1.000	1.000
846.000	2.000	1.000	1.000	13384.382	0.000	11292.000	14247.000	1.000	1.000	1.000
847.000	2.000	1.000	1.000	21205.261	0.000	15292.000	21840.000	1.000	1.000	1.000
848.000	2.000	1.000	1.000	31541.732	0.000	26118.000	39476.000	1.000	1.000	1.000
849.000	2.000	0.000	2.000	65703.906	0.000	56035.000	10000000000.000	1.000	2.000	1.000
850.000	1.000	0.000	1.000	4306.985	0.000	0.000	6000.000	1.000	1.000	1.000
851.000	3.000	2.000	1.000	6814.403	0.000	6283.000	6876.000	1.000	1.000	1.000
852.000	5.000	4.000	1.000	7596.548	0.000	7250.000	8224.000	1.000	1.000	1.000
853.000	3.000	1.000	2.000	9619.960	0.000	8765.000	10410.000	1.000	1.000	1.000
854.000	16.000	0.000	16.000	11314.901	0.000	11292.000	14247.000	1.000	3.000	1.000
855.000	11.000	3.000	8.000	18694.858	0.000	15292.000	21840.000	1.000	1.000	5.000
856.000	2.000	1.000	1.000	39246.435	0.000	26118.000	39476.000	1.000	1.000	1.000
857.000	6.000	0.000	6.000	65023.132	0.000	56035.000	10000000000.000	1.000	3.000	1.000
858.000	2.000	1.000	1.000	4191.333	0.000	0.000	6000.000	1.000	1.000	1.000
859.000	2.000	1.000	1.000	6719.109	0.000	6283.000	6876.000	1.000	1.000	1.000
860.000	3.000	2.000	1.000	7981.146	0.000	7250.000	8224.000	1.000	1.000	1.000
861.000	1.000	0.000	1.000	12732.366	0.000	11292.000	14247.000	1.000	1.000	1.000
862.000	3.000	1.000	2.000	18243.151	0.000	15292.000	21840.000	1.000	1.000	1.000
863.000	4.000	2.000	2.000	34629.139	0.000	26118.000	39476.000	1.000	1.000	2.000
864.000	30.000	0.000	30.000	57061.290	0.000	56035.000	10000000000.000	1.000	3.000	6.000
865.000	2.000	1.000	1.000	4540.863	0.000	0.000	6000.000	1.000	1.000	1.000
866.000	35.000	27.000	8.000	7166.224	0.000	6283.000	6876.000	0.000	1.000	10.000
867.000	2.000	1.000	1.000	7536.453	0.000	7250.000	8224.000	1.000	1.000	1.000
868.000	5.000	1.000	4.000	9166.950	0.000	8765.000	10410.000	1.000	1.000	1.000
869.000	9.000	4.000	5.000	11770.270	0.000	11292.000	14247.000	1.000	3.000	2.000
870.000	3.000	2.000	1.000	20714.052	0.000	15292.000	21840.000	1.000	1.000	1.000
871.000	2.000	1.000	1.000	31144.611	0.000	26118.000	39476.000	1.000	1.000	1.000
872.000	2.000	0.000	2.000	68213.162	0.000	56035.000	10000000000.000	1.000	2.000	1.000
873.000	2.000	1.000	1.000	4986.084	0.000	0.000	6000.000	1.000	1.000	1.000
874.000	2.000	1.000	1.000	6853.585	0.000	6283.000	6876.000	1.000	1.000	1.000
875.000	5.000	4.000	1.000	7626.439	0.000	7250.000	8224.000	1.000	1.000	1.000
876.000	2.000	1.000	1.000	9560.913	0.000	8765.000	10410.000	1.000	1.000	1.000
877.000	3.000	2.000	1.000	16947.082	0.000	15292.000	21840.000	1.000	1.000	1.000
878.000	2.000	1.000	1.000	26800.691	0.000	26118.000	39476.000	1.000	1.000	1.000
879.000	2.000	0.000	2.000	125016.652	0.000	56035.000	10000000000.000	1.000	2.000	1.000
880.000	2.000	1.000	1.000	5049.809	0.000	0.000	6000.000	1.000	1.000	1.000
881.000	5.000	4.000	1.000	6716.971	0.000	6283.000	6876.000	1.000	1.000	1.000
882.000	2.000	1.000	1.000	7712.618	0.000	7250.000	8224.000	1.000	1.000	1.000
883.000	3.000	1.000	2.000	8897.347	0.000	8765.000	10410.000	1.000	1.000	1.000
884.000	2.000	1.000	1.000	14220.243	0.000	11292.000	14247.000	1.000	1.000	1.000
885.000	5.000	3.000	2.000	15985.406	0.000	15292.000	21840.000	1.000	1.000	2.000
886.000	12.000	6.000	6.000	45242.114	0.000	26118.000	39476.000	0.000	1.000	10.000
887.000	1.000	0.000	1.000	108682.996	0.000	56035.000	10000000000.000	1.000	1.000	1.000
888.000	2.000	1.000	1.000	5439.556	0.000	0.000	6000.000	1.000	1.000	1.000
889.000	4.000	3.000	1.000	6866.894	0.000	6283.000	6876.000	1.000	1.000	1.000
890.000	5.000	3.000	2.000	7474.076	0.000	7250.000	8224.000	1.000	1.000	2.000
891.000	4.000	1.000	3.000	9510.553	0.000	8765.000	10410.000	1.000	1.000	1.000
892.000	3.000	2.000	1.000	11511.344	0.000	11292.000	14247.000	1.000	1.000	1.000
893.000	1.000	0.000	1.000	29865.925	0.000	26118.000	39476.000	1.000	1.000	1.000
894.000	1.000	0.000	1.000	269287.424	0.000	56035.000	10000000000.000	1.000	1.000	1.000
895.000	2.000	1.000	1.000	4439.883	0.000	0.000	6000.000	1.000	1.000	1.000
896.000	2.000	1.000	1.000	6796.333	0.000	6283.000	6876.000	1.000	1.000	1.000
897.000	2.000	1.000	1.000	7527.251	0.000	7250.000	8224.000	1.000	1.000	1.000
898.000	1.000	0.000	1.000	9282.682	0.000	8765.000	10410.000	1.000	1.000	1.000
899.000	3.000	1.000	2.000	11664.314	0.000	11292.000	14247.000	1.000	1.000	1.000
900.000	9.000	0.000	9.000	16001.637	0.000	15292.000	21840.000	1.000	3.000	1.000
901.000	2.000	1.000	1.000	32733.703	0.000	26118.000	39476.000	1.000	1.000	1.000
902.000	1.000	0.000	1.000	181621.931	0.000	56035.000	10000000000.000	1.000	1.000	1.000
903.000	4.000	2.000	2.000	5179.853	0.000	0.000	6000.000	1.000	2.000	1.000
904.000	3.000	1.000	2.000	6303.426	0.000	6283.000	6876.000	1.000	1.000	1.000
905.000	3.000	2.000	1.000	7470.245	0.000	7250.000	8224.000	1.000	1.000	1.000
906.000	2.000	1.000	1.000	8983.148	0.000	8765.000	10410.000	1.000	1.000	1.000
907.000	13.000	8.000	5.000	12592.016	0.000	11292.000	14247.000	1.000	3.000	4.000
908.000	3.000	0.000	3.000	19105.673	0.000	15292.000	21840.000	1.000	3.000	1.000
909.000	52.000	0.000	52.000	65064.431	0.000	56035.000	10000000000.000	1.000	3.000	10.000
910.000	2.000	1.000	1.000	4468.616	0.000	0.000	6000.000	1.000	1.000	1.000
911.000	17.000	13.000	4.000	6381.779	0.000	6283.000	6876.000	1.000	3.000	5.000
912.000	3.000	2.000	1.000	7659.681	0.000	7250.000	8224.000	1.000	1.000	1.000
913.000	3.000	1.000	2.000	9748.556	0.000	8765.000	10410.000	1.000	1.000	1.000
914.000	3.000	2.000	1.000	12865.987	0.000	11292.000	14247.000	1.000	1.000	1.000
915.000	7.000	4.000	3.000	18666.904	0.000	15292.000	21840.000	1.000	2.000	2.000
916.000	6.000	1.000	5.000	36681.314	0.000	26118.000	39476.000	1.000	1.000	3.000
917.000	1.000	0.000	1.000	205788.107	0.000	56035.000	10000000000.000	1.000	1.000	1.000
918.000	2.000	1.000	1.000	4943.937	0.000	0.000	6000.000	1.000	1.000	1.000
919.000	2.000	1.000	1.000	6636.834	0.000	6283.000	6876.000	1.000	1.000	1.000
920.000	5.000	2.000	3.000	7340.747	0.000	7250.000	8224.000	1.000	1.000	2.000
921.000	4.000	3.000	1.000	10196.479	0.000	8765.000	10410.000	1.000	1.000	1.000
922.000	7.000	2.000	5.000	14197.000	0.000	11292.000	14247.000	1.000	1.000	3.000
923.000	3.000	1.000	2.000	17055.295	0.000	15292.000	21840.000	1.000	1.000	1.000
924.000	2.000	1.000	1.000	29701.652	0.000	26118.000	39476.000	1.000	1.000	1.000
925.000	2.000	1.000	1.000	5736.060	0.000	0.000	6000.000	1.000	1.000	1.000
926.000	2.000	1.000	1.000	6821.584	0.000	6283.000	6876.000	1.000	1.000	1.000
927.000	4.000	2.000	2.000	7422.438	0.000	7250.000	8224.000	1.000	2.000	1.000
928.000	4.000	1.000	3.000	9160.344	0.000	8765.000	10410.000	1.000	1.000	1.000
929.000	2.000	1.000	1.000	13244.318	0.000	11292.000	14247.000	1.000	1.000	1.000
930.000	1.000	0.000	1.000	16719.700	0.000	15292.000	21840.000	1.000	1.000	1.000
931.000	2.000	1.000	1.000	31966.117	0.000	26118.000	39476.000	1.000	1.000	1.000
932.000	6.000	0.000	6.000	163719.273	0.000	56035.000	10000000000.000	1.000	3.000	1.000
933.000	2.000	1.000	1.000	4315.272	0.000	0.000	6000.000	1.000	1.000	1.000
934.000	6.000	4.000	2.000	6543.051	0.000	6283.000	6876.000	1.000	2.000	1.000
935.000	2.000	1.000	1.000	7794.691	0.000	7250.000	8224.000	1.000	1.000	1.000
936.000	2.000	1.000	1.000	9273.487	0.000	8765.000	10410.000	1.000	1.000	1.000
937.000	2.000	1.000	1.000	11618.827	0.000	11292.000	14247.000	1.000	1.000	1.000
938.000	3.000	2.000	1.000	16370.236	0.000	15292.000	21840.000	1.000	1.000	1.000
939.000	56.000	0.000	56.000	27235.553	0.000	26118.000	39476.000	1.000	3.000	7.000
940.000	1.000	0.000	1.000	95324.429	0.000	56035.000	10000000000.000	1.000	1.000	1.000
941.000	3.000	2.000	1.000	6427.153	0.000	6283.000	6876.000	1.000	1.000	1.000
942.000	3.000	2.000	1.000	8045.507	0.000	7250.000	8224.000	1.000	1.000	1.000
943.000	4.000	1.000	3.000	8853.988	0.000	8765.000	10410.000	1.000	1.000	1.000
944.000	2.000	1.000	1.000	12760.354	0.000	11292.000	14247.000	1.000	1.000	1.000
945.000	2.000	1.000	1.000	19666.209	0.000	15292.000	21840.000	1.000	1.000	1.000
946.000	2.000	1.000	1.000	29093.070	0.000	26118.000	39476.000	1.000	1.000	1.000
947.000	2.000	0.000	2.000	69428.778	0.000	56035.000	10000000000.000	1.000	2.000	1.000
948.000	2.000	1.000	1.000	4343.466	0.000	0.000	6000.000	1.000	1.000	1.000
949.000	2.000	1.000	1.000	6700.327	0.000	6283.000	6876.000	1.000	1.000	1.000
950.000	2.000	1.000	1.000	7951.011	0.000	7250.000	8224.000	1.000	1.000	1.000
951.000	3.000	2.000	1.000	10034.758	0.000	8765.000	10410.000	1.000	1.000	1.000
952.000	5.000	2.000	3.000	12027.142	0.000	11292.000	14247.000	1.000	1.000	2.000
953.000	2.000	1.000	1.000	21464.799	0.000	15292.000	21840.000	1.000	1.000	1.000
954.000	8.000	4.000	4.000	36371.806	0.000	26118.000	39476.000	1.000	1.000	4.000
955.000	53.000	0.000	53.000	11568.965	0.000	56035.000	10000000000.000	0.000	3.000	10.000
956.000	2.000	1.000	1.000	4933.985	0.000	0.000	6000.000	1.000	1.000	1.000
957.000	4.000	3.000	1.000	7893.851	0.000	7250.000	8224.000	1.000	1.000	1.000
958.000	4.000	1.000	3.000	10071.901	0.000	8765.000	10410.000	1.000	1.000	1.000
959.000	2.000	1.000	1.000	11391.021	0.000	11292.000	14247.000	1.000	1.000	1.000
960.000	2.000	1.000	1.000	19076.164	0.000	15292.000	21840.000	1.000	1.000	1.000
961.000	3.000	2.000	1.000	27661.013	0.000	26118.000	39476.000	1.000	1.000	1.000
962.000	1.000	0.000	1.000	59449.436	0.000	56035.000	10000000000.000	1.000	1.000	1.000
963.000	4.000	2.000	2.000	4332.552	0.000	0.000	6000.000	1.000	2.000	1.000
964.000	3.000	2.000	1.000	6775.404	0.000	6283.000	6876.000	1.000	1.000	1.000
965.000	2.000	1.000	1.000	7310.901	0.000	7250.000	8224.000	1.000	1.000	1.000
966.000	2.000	1.000	1.000	8853.358	0.000	8765.000	10410.000	1.000	1.000	1.000
967.000	1.000	0.000	1.000	12691.723	0.000	11292.000	14247.000	1.000	1.000	1.000
968.000	3.000	2.000	1.000	15741.784	0.000	15292.000	21840.000	1.000	1.000	1.000
969.000	4.000	0.000	4.000	29737.916	0.000	26118.000	39476.000	1.000	1.000	1.000
970.000	2.000	0.000	2.000	198414.249	0.000	56035.000	10000000000.000	1.000	2.000	1.000
971.000	6.000	3.000	3.000	5675.307	0.000	0.000	6000.000	1.000	3.000	1.000
972.000	2.000	1.000	1.000	6642.936	0.000	6283.000	6876.000	1.000	1.000	1.000
973.000	3.000	2.000	1.000	9802.027	0.000	8765.000	10410.000	1.000	1.000	1.000
974.000	7.000	3.000	4.000	11467.833	0.000	11292.000	14247.000	1.000	3.000	2.000
975.000	3.000	1.000	2.000	20538.525	0.000	15292.000	21840.000	1.000	2.000	1.000
976.000	1.000	0.000	1.000	29568.265	0.000	26118.000	39476.000	1.000	1.000	1.000
977.000	1.000	0.000	1.000	63234.642	0.000	56035.000	10000000000.000	1.000	1.000	1.000
978.000	2.000	1.000	1.000	5202.546	0.000	0.000	6000.000	1.000	1.000	1.000
979.000	2.000	1.000	1.000	6343.215	0.000	6283.000	6876.000	1.000	1.000	1.000
980.000	3.000	2.000	1.000	7479.164	0.000	7250.000	8224.000	1.000	1.000	1.000
981.000	3.000	1.000	2.000	9146.656	0.000	8765.000	10410.000	1.000	1.000	1.000
982.000	10.000	3.000	7.000	14059.006	0.000	11292.000	14247.000	1.000	1.000	5.000
983.000	2.000	0.000	2.000	15959.038	0.000	15292.000	21840.000	1.000	2.000	1.000
984.000	3.000	2.000	1.000	32864.663	0.000	26118.000	39476.000	1.000	1.000	1.000
985.000	6.000	0.000	6.000	99709.828	0.000	56035.000	10000000000.000	1.000	3.000	1.000
986.000	2.000	1.000	1.000	4170.530	0.000	0.000	6000.000	1.000	1.000	1.000
987.000	3.000	2.000	1.000	6856.269	0.000	6283.000	6876.000	1.000	1.000	1.000
988.000	3.000	2.000	1.000	8115.298	0.000	7250.000	8224.000	1.000	1.000	1.000
989.000	5.000	2.000	3.000	12326.633	0.000	11292.000	14247.000	1.000	2.000	1.000
990.000	4.000	2.000	2.000	17017.131	0.000	15292.000	21840.000	1.000	1.000	2.000
991.000	3.000	1.000	2.000	31714.342	0.000	26118.000	39476.000	1.000	1.000	1.000
992.000	1.000	0.000	1.000	280522.190	0.000	56035.000	10000000000.000	1.000	1.000	1.000
993.000	2.000	1.000	1.000	5157.410	0.000	0.000	6000.000	1.000	1.000	1.000
994.000	2.000	1.000	1.000	6834.541	0.000	6283.000	6876.000	1.000	1.000	1.000
995.000	3.000	2.000	1.000	7745.308	0.000	7250.000	8224.000	1.000	1.000	1.000
996.000	4.000	1.000	3.000	9302.888	0.000	8765.000	10410.000	1.000	1.000	1.000
997.000	2.000	1.000	1.000	12539.970	0.000	11292.000	14247.000	1.000	1.000	1.000
998.000	6.000	3.000	3.000	19958.651	0.000	15292.000	21840.000	1.000	3.000	1.000
999.000	15.000	8.000	7.000	38115.169	0.000	26118.000	39476.000	1.000	1.000	9.000
1000.000	3.000	0.000	3.000	130913.885	0.000	56035.000	10000000000.000	1.000	3.000	1.000
1001.000	2.000	1.000	1.000	4368.065	0.000	0.000	6000.000	1.000	1.000	1.000
1002.000	3.000	2.000	1.000	6804.512	0.000	6283.000	6876.000	1.000	1.000	1.000
1003.000	3.000	2.000	1.000	7611.024	0.000	7250.000	8224.000	1.000	1.000	1.000
1004.000	3.000	2.000	1.000	10297.225	0.000	8765.000	10410.000	1.000	1.000	1.000
1005.000	3.000	2.000	1.000	17859.065	0.000	15292.000	21840.000	1.000	1.000	1.000
1006.000	5.000	0.000	5.000	26388.291	0.000	26118.000	39476.000	1.000	1.000	1.000
1007.000	1.000	0.000	1.000	259149.075	0.000	56035.000	10000000000.000	1.000	1.000	1.000
1008.000	2.000	1.000	1.000	4723.253	0.000	0.000	6000.000	1.000	1.000	1.000
1009.000	12.000	11.000	1.000	6572.734	0.000	6283.000	6876.000	1.000	1.000	4.000
1010.000	3.000	2.000	1.000	7327.003	0.000	7250.000	8224.000	1.000	1.000	1.000
1011.000	4.000	1.000	3.000	9461.260	0.000	8765.000	10410.000	1.000	1.000	1.000
1012.000	3.000	1.000	2.000	13673.912	0.000	11292.000	14247.000	1.000	1.000	1.000
1013.000	4.000	2.000	2.000	16751.060	0.000	15292.000	21840.000	1.000	1.000	2.000
1014.000	2.000	1.000	1.000	38307.166	0.000	26118.000	39476.000	1.000	1.000	1.000
1015.000	1.000	0.000	1.000	530777.639	0.000	56035.000	10000000000.000	1.000	1.000	1.000
1016.000	2.000	1.000	1.000	4077.720	0.000	0.000	6000.000	1.000	1.000	1.000
1017.000	7.000	5.000	2.000	6483.938	0.000	6283.000	6876.000	1.000	2.000	1.000
1018.000	3.000	2.000	1.000	7412.754	0.000	7250.000	8224.000	1.000	1.000	1.000
1019.000	2.000	1.000	1.000	9391.233	0.000	8765.000	10410.000	1.000	1.000	1.000
1020.000	2.000	1.000	1.000	12712.801	0.000	11292.000	14247.000	1.000	1.000	1.000
1021.000	4.000	3.000	1.000	35031.423	0.000	26118.000	39476.000	1.000	1.000	1.000
1022.000	1.000	0.000	1.000	58755.446	0.000	56035.000	10000000000.000	1.000	1.000	1.000
1023.000	2.000	1.000	1.000	4864.659	0.000	0.000	6000.000	1.000	1.000	1.000
1024.000	2.000	1.000	1.000	6764.968	0.000	6283.000	6876.000	1.000	1.000	1.000
1025.000	6.000	3.000	3.000	7282.651	0.000	7250.000	8224.000	1.000	1.000	3.000
1026.000	2.000	1.000	1.000	10031.521	0.000	8765.000	10410.000	1.000	1.000	1.000
1027.000	2.000	1.000	1.000	12413.931	0.000	11292.000	14247.000	1.000	1.000	1.000
1028.000	11.000	6.000	5.000	16068.742	0.000	15292.000	21840.000	1.000	1.000	5.000
1029.000	4.000	2.000	2.000	26838.483	0.000	26118.000	39476.000	1.000	1.000	2.000
1030.000	1.000	0.000	1.000	242478.670	0.000	56035.000	10000000000.000	1.000	1.000	1.000
1031.000	1.000	0.000	1.000	5448.073	0.000	0.000	6000.000	1.000	1.000	1.000
1032.000	3.000	2.000	1.000	6771.702	0.000	6283.000	6876.000	1.000	1.000	1.000
1033.000	2.000	1.000	1.000	7846.688	0.000	7250.000	8224.000	1.000	1.000	1.000
1034.000	2.000	1.000	1.000	10139.250	0.000	8765.000	10410.000	1.000	1.000	1.000
1035.000	6.000	3.000	3.000	13069.137	0.000	11292.000	14247.000	1.000	3.000	1.000
1036.000	5.000	3.000	2.000	16761.137	0.000	15292.000	21840.000	1.000	2.000	1.000
1037.000	3.000	0.000	3.000	66636.643	0.000	56035.000	10000000000.000	1.000	3.000	1.000
1038.000	6.000	3.000	3.000	5880.475	0.000	0.000	6000.000	1.000	3.000	1.000
1039.000	5.000	4.000	1.000	6797.991	0.000	6283.000	6876.000	1.000	1.000	1.000
1040.000	4.000	3.000	1.000	7499.035	0.000	7250.000	8224.000	1.000	1.000	1.000
1041.000	8.000	2.000	6.000	10346.411	0.000	8765.000	10410.000	1.000	1.000	3.000
1042.000	10.000	3.000	7.000	11647.892	0.000	11292.000	14247.000	1.000	1.000	5.000
1043.000	3.000	1.000	2.000	20431.298	0.000	15292.000	21840.000	1.000	1.000	1.000
1044.000	2.000	1.000	1.000	37955.257	0.000	26118.000	39476.000	1.000	1.000	1.000
1045.000	1.000	0.000	1.000	115105.058	0.000	56035.000	10000000000.000	1.000	1.000	1.000
1046.000	2.000	1.000	1.000	4712.319	0.000	0.000	6000.000	1.000	1.000	1.000
1047.000	4.000	3.000	1.000	6797.991	0.000	6283.000	6876.000	1.000	1.000	1.000
1048.000	35.000	27.000	8.000	10479.650	0.000	7250.000	8224.000	0.000	3.000	10.000
1049.000	2.000	1.000	1.000	8828.919	0.000	8765.000	10410.000	1.000	1.000	1.000
1050.000	3.000	2.000	1.000	12979.136	0.000	11292.000	14247.000	1.000	1.000	1.000
1051.000	5.000	1.000	4.000	18764.454	0.000	15292.000	21840.000	1.000	2.000	2.000
1052.000	2.000	1.000	1.000	36001.862	0.000	26118.000	39476.000	1.000	1.000	1.000
1053.000	2.000	1.000	1.000	5907.154	0.000	0.000	6000.000	1.000	1.000	1.000
1054.000	34.000	31.000	3.000	6749.734	0.000	6283.000	6876.000	1.000	3.000	10.000
1055.000	3.000	2.000	1.000	8040.882	0.000	7250.000	8224.000	1.000	1.000	1.000
800.000	8.000	7.000	1.000	13389.322	0.000	11292.000	14247.000	1.000	1.000	2.000
801.000	7.000	4.000	3.000	20419.439	0.000	15292.000	21840.000	1.000	3.000	1.000
802.000	4.000	2.000	2.000	29722.689	0.000	26118.000	39476.000	1.000	2.000	1.000
803.000	1.000	0.000	1.000	134337.328	0.000	56035.000	10000000000.000	1.000	1.000	1.000
804.000	2.000	1.000	1.000	5695.362	0.000	0.000	6000.000	1.000	1.000	1.000
805.000	2.000	1.000	1.000	6570.874	0.000	6283.000	6876.000	1.000	1.000	1.000
806.000	2.000	1.000	1.000	7730.609	0.000	7250.000	8224.000	1.000	1.000	1.000
807.000	2.000	1.000	1.000	9509.748	0.000	8765.000	10410.000	1.000	1.000	1.000
808.000	2.000	0.000	2.000	12520.586	0.000	11292.000	14247.000	1.000	2.000	1.000
809.000	2.000	0.000	2.000	17581.582	0.000	15292.000	21840.000	1.000	2.000	1.000
810.000	7.000	3.000	4.000	38157.761	0.000	26118.000	39476.000	1.000	1.000	5.000
811.000	1.000	0.000	1.000	77509.437	0.000	56035.000	10000000000.000	1.000	1.000	1.000
812.000	7.000	6.000	1.000	6746.923	0.000	6283.000	6876.000	1.000	1.000	2.000
813.000	2.000	1.000	1.000	7459.046	0.000	7250.000	8224.000	1.000	1.000	1.000
814.000	4.000	1.000	3.000	9857.706	0.000	8765.000	10410.000	1.000	1.000	1.000
815.000	3.000	1.000	2.000	12222.471	0.000	11292.000	14247.000	1.000	1.000	1.000
816.000	17.000	10.000	7.000	16281.392	0.000	15292.000	21840.000	1.000	1.000	7.000
817.000	2.000	0.000	2.000	36670.501	0.000	26118.000	39476.000	1.000	2.000	1.000
818.000	1.000	0.000	1.000	99667.029	0.000	56035.000	10000000000.000	1.000	1.000	1.000
819.000	2.000	1.000	1.000	5788.857	0.000	0.000	6000.000	1.000	1.000	1.000
820.000	2.000	1.000	1.000	6577.215	0.000	6283.000	6876.000	1.000	1.000	1.000
821.000	3.000	2.000	1.000	7865.009	0.000	7250.000	8224.000	1.000	1.000	1.000
822.000	4.000	1.000	3.000	9416.267	0.000	8765.000	10410.000	1.000	1.000	1.000
823.000	2.000	1.000	1.000	11637.811	0.000	11292.000	14247.000	1.000	1.000	1.000
824.000	3.000	2.000	1.000	19210.525	0.000	15292.000	21840.000	1.000	1.000	1.000
825.000	3.000	1.000	2.000	32595.848	0.000	26118.000	39476.000	1.000	1.000	1.000
826.000	1.000	0.000	1.000	139458.013	0.000	56035.000	10000000000.000	1.000	1.000	1.000
827.000	2.000	1.000	1.000	4483.549	0.000	0.000	6000.000	1.000	1.000	1.000
828.000	2.000	1.000	1.000	7956.115	0.000	7250.000	8224.000	1.000	1.000	1.000
829.000	18.000	5.000	13.000	9697.204	0.000	8765.000	10410.000	1.000	1.000	9.000
830.000	17.000	5.000	12.000	11788.117	0.000	11292.000	14247.000	1.000	1.000	9.000
831.000	2.000	1.000	1.000	17523.114	0.000	15292.000	21840.000	1.000	1.000	1.000
832.000	9.000	5.000	4.000	28916.506	0.000	26118.000	39476.000	1.000	1.000	6.000
833.000	1.000	0.000	1.000	76156.996	0.000	56035.000	10000000000.000	1.000	1.000	1.000
834.000	4.000	2.000	2.000	4141.599	0.000	0.000	6000.000	1.000	2.000	1.000
835.000	2.000	1.000	1.000	6524.763	0.000	6283.000	6876.000	1.000	1.000	1.000
836.000	3.000	2.000	1.000	7661.282	0.000	7250.000	8224.000	1.000	1.000	1.000
837.000	12.000	3.000	9.000	10362.942	0.000	8765.000	10410.000	1.000	1.000	5.000
838.000	1.000	0.000	1.000	12124.020	0.000	11292.000	14247.000	1.000	1.000	1.000
839.000	9.000	3.000	6.000	16603.175	0.000	15292.000	21840.000	1.000	2.000	2.000
840.000	2.000	1.000	1.000	39398.710	0.000	26118.000	39476.000	1.000	1.000	1.000
841.000	3.000	0.000	3.000	170307.750	0.000	56035.000	10000000000.000	1.000	3.000	1.000
842.000	6.000	3.000	3.000	5250.940	0.000	0.000	6000.000	1.000	3.000	1.000
843.000	2.000	1.000	1.000	6776.894	0.000	6283.000	6876.000	1.000	1.000	1.000
844.000	2.000	1.000	1.000	9189.273	0.000	8765.000	10410.000	1.000	1.000	1.000
845.000	2.000	1.000	1.000	12153.550	0.000	11292.000	14247.000	1.000	1.000	1.000
846.000	3.000	1.000	2.000	15585.127	0.000	15292.000	21840.000	1.000	1.000	1.000
847.000	12.000	6.000	6.000	33433.781	0.000	26118.000	39476.000	1.000	1.000	10.000
848.000	2.000	0.000	2.000	182211.027	0.000	56035.000	10000000000.000	1.000	2.000	1.000
849.000	2.000	1.000	1.000	4078.914	0.000	0.000	6000.000	1.000	1.000	1.000
850.000	13.000	0.000	13.000	6519.951	0.000	6283.000	6876.000	1.000	1.000	2.000
851.000	4.000	3.000	1.000	7435.860	0.000	7250.000	8224.000	1.000	1.000	1.000
852.000	5.000	4.000	1.000	9931.945	0.000	8765.000	10410.000	1.000	1.000	1.000
853.000	7.000	2.000	5.000	13622.197	0.000	11292.000	14247.000	1.000	1.000	3.000
854.000	14.000	1.000	13.000	19614.377	0.000	15292.000	21840.000	1.000	3.000	3.000
855.000	3.000	0.000	3.000	27671.342	0.000	26118.000	39476.000	1.000	1.000	1.000
856.000	7.000	0.000	7.000	57689.802	0.000	56035.000	10000000000.000	1.000	3.000	1.000
857.000	2.000	1.000	1.000	5326.122	0.000	0.000	6000.000	1.000	1.000	1.000
858.000	16.000	12.000	4.000	6681.459	0.000	6283.000	6876.000	1.000	1.000	5.000
859.000	2.000	1.000	1.000	8045.916	0.000	7250.000	8224.000	1.000	1.000	1.000
860.000	2.000	1.000	1.000	12176.579	0.000	11292.000	14247.000	1.000	1.000	1.000
861.000	1.000	0.000	1.000	16504.827	0.000	15292.000	21840.000	1.000	1.000	1.000
862.000	4.000	2.000	2.000	39230.521	0.000	26118.000	39476.000	1.000	2.000	1.000
863.000	1.000	0.000	1.000	58988.299	0.000	56035.000	10000000000.000	1.000	1.000	1.000
864.000	1.000	0.000	1.000	5190.738	0.000	0.000	6000.000	1.000	1.000	1.000
865.000	2.000	1.000	1.000	6465.079	0.000	6283.000	6876.000	1.000	1.000	1.000
866.000	8.000	1.000	7.000	7790.193	0.000	7250.000	8224.000	1.000	3.000	2.000
867.000	5.000	1.000	4.000	9466.352	0.000	8765.000	10410.000	1.000	1.000	1.000
868.000	3.000	2.000	1.000	13301.626	0.000	11292.000	14247.000	1.000	1.000	1.000
869.000	15.000	6.000	9.000	15827.267	0.000	15292.000	21840.000	1.000	3.000	6.000
870.000	2.000	1.000	1.000	27808.097	0.000	26118.000	39476.000	1.000	1.000	1.000
871.000	1.000	0.000	1.000	57292.190	0.000	56035.000	10000000000.000	1.000	1.000	1.000
872.000	2.000	1.000	1.000	5600.098	0.000	0.000	6000.000	1.000	1.000	1.000
873.000	2.000	1.000	1.000	6755.744	0.000	6283.000	6876.000	1.000	1.000	1.000
874.000	1.000	0.000	1.000	8087.898	0.000	7250.000	8224.000	1.000	1.000	1.000
875.000	2.000	1.000	1.000	9178.545	0.000	8765.000	10410.000	1.000	1.000	1.000
876.000	2.000	1.000	1.000	16827.621	0.000	15292.000	21840.000	1.000	1.000	1.000
877.000	1.000	0.000	1.000	26941.037	0.000	26118.000	39476.000	1.000	1.000	1.000
878.000	1.000	0.000	1.000	881093.335	0.000	56035.000	10000000000.000	1.000	1.000	1.000
879.000	2.000	1.000	1.000	4617.246	0.000	0.000	6000.000	1.000	1.000	1.000
880.000	3.000	2.000	1.000	6684.434	0.000	6283.000	6876.000	1.000	1.000	1.000
881.000	3.000	2.000	1.000	8045.600	0.000	7250.000	8224.000	1.000	1.000	1.000
882.000	2.000	1.000	1.000	8910.617	0.000	8765.000	10410.000	1.000	1.000	1.000
883.000	2.000	1.000	1.000	14225.819	0.000	11292.000	14247.000	1.000	1.000	1.000
884.000	4.000	2.000	2.000	18848.943	0.000	15292.000	21840.000	1.000	2.000	1.000
885.000	2.000	1.000	1.000	26513.033	0.000	26118.000	39476.000	1.000	1.000	1.000
886.000	1.000	0.000	1.000	152054.652	0.000	56035.000	10000000000.000	1.000	1.000	1.000
887.000	4.000	2.000	2.000	4061.861	0.000	0.000	6000.000	1.000	2.000	1.000
888.000	2.000	1.000	1.000	6436.251	0.000	6283.000	6876.000	1.000	1.000	1.000
889.000	3.000	2.000	1.000	7555.696	0.000	7250.000	8224.000	1.000	1.000	1.000
890.000	3.000	2.000	1.000	10134.618	0.000	8765.000	10410.000	1.000	1.000	1.000
891.000	6.000	3.000	3.000	11993.844	0.000	11292.000	14247.000	1.000	1.000	3.000
892.000	2.000	1.000	1.000	26699.406	0.000	26118.000	39476.000	1.000	1.000	1.000
893.000	7.000	0.000	7.000	87898.146	0.000	56035.000	10000000000.000	1.000	3.000	1.000
894.000	2.000	1.000	1.000	4357.622	0.000	0.000	6000.000	1.000	1.000	1.000
895.000	3.000	2.000	1.000	6807.557	0.000	6283.000	6876.000	1.000	1.000	1.000
896.000	4.000	3.000	1.000	7354.527	0.000	7250.000	8224.000	1.000	1.000	1.000
897.000	2.000	1.000	1.000	9173.710	0.000	8765.000	10410.000	1.000	1.000	1.000
898.000	3.000	0.000	3.000	13908.935	0.000	11292.000	14247.000	1.000	3.000	1.000
899.000	7.000	4.000	3.000	15814.619	0.000	15292.000	21840.000	1.000	1.000	3.000
900.000	27.000	0.000	27.000	30981.989	0.000	26118.000	39476.000	1.000	3.000	3.000
901.000	1.000	0.000	1.000	155983.870	0.000	56035.000	10000000000.000	1.000	1.000	1.000
902.000	2.000	1.000	1.000	4533.032	0.000	0.000	6000.000	1.000	1.000	1.000
903.000	5.000	2.000	3.000	6455.624	0.000	6283.000	6876.000	1.000	1.000	2.000
904.000	2.000	1.000	1.000	7585.711	0.000	7250.000	8224.000	1.000	1.000	1.000
905.000	2.000	1.000	1.000	9837.604	0.000	8765.000	10410.000	1.000	1.000	1.000
906.000	3.000	2.000	1.000	13685.302	0.000	11292.000	14247.000	1.000	1.000	1.000
907.000	8.000	6.000	2.000	15587.289	0.000	15292.000	21840.000	1.000	2.000	2.000
908.000	8.000	0.000	8.000	154605.995	0.000	56035.000	10000000000.000	1.000	3.000	1.000
909.000	1.000	0.000	1.000	4484.299	0.000	0.000	6000.000	1.000	1.000	1.000
910.000	4.000	3.000	1.000	6630.896	0.000	6283.000	6876.000	1.000	1.000	1.000
911.000	8.000	7.000	1.000	8046.139	0.000	7250.000	8224.000	1.000	1.000	2.000
912.000	2.000	1.000	1.000	9544.303	0.000	8765.000	10410.000	1.000	1.000	1.000
913.000	2.000	1.000	1.000	11982.373	0.000	11292.000	14247.000	1.000	1.000	1.000
914.000	12.000	7.000	5.000	16992.971	0.000	15292.000	21840.000	1.000	1.000	5.000
915.000	4.000	3.000	1.000	30640.206	0.000	26118.000	39476.000	1.000	1.000	1.000
916.000	1.000	0.000	1.000	161614.952	0.000	56035.000	10000000000.000	1.000	1.000	1.000
917.000	2.000	1.000	1.000	4030.672	0.000	0.000	6000.000	1.000	1.000	1.000
918.000	2.000	1.000	1.000	6697.725	0.000	6283.000	6876.000	1.000	1.000	1.000
919.000	2.000	1.000	1.000	7800.644	0.000	7250.000	8224.000	1.000	1.000	1.000
920.000	4.000	1.000	3.000	9681.785	0.000	8765.000	10410.000	1.000	1.000	1.000
921.000	1.000	0.000	1.000	12256.449	0.000	11292.000	14247.000	1.000	1.000	1.000
922.000	3.000	2.000	1.000	20965.546	0.000	15292.000	21840.000	1.000	1.000	1.000
923.000	8.000	4.000	4.000	32428.928	0.000	26118.000	39476.000	1.000	1.000	6.000
924.000	2.000	1.000	1.000	4218.855	0.000	0.000	6000.000	1.000	1.000	1.000
925.000	2.000	1.000	1.000	6658.556	0.000	6283.000	6876.000	1.000	1.000	1.000
926.000	2.000	1.000	1.000	7734.884	0.000	7250.000	8224.000	1.000	1.000	1.000
927.000	9.000	8.000	1.000	9729.711	0.000	8765.000	10410.000	1.000	1.000	3.000
928.000	3.000	1.000	2.000	11324.651	0.000	11292.000	14247.000	1.000	1.000	1.000
929.000	3.000	2.000	1.000	20227.330	0.000	15292.000	21840.000	1.000	1.000	1.000
930.000	4.000	1.000	3.000	31410.598	0.000	26118.000	39476.000	1.000	1.000	2.000
931.000	1.000	0.000	1.000	97463.734	0.000	56035.000	10000000000.000	1.000	1.000	1.000
932.000	4.000	2.000	2.000	5508.161	0.000	0.000	6000.000	1.000	2.000	1.000
933.000	5.000	4.000	1.000	6507.100	0.000	6283.000	6876.000	1.000	1.000	1.000
934.000	3.000	2.000	1.000	7784.656	0.000	7250.000	8224.000	1.000	1.000	1.000
935.000	16.000	2.000	14.000	9101.125	0.000	8765.000	10410.000	1.000	1.000	2.000
936.000	4.000	2.000	2.000	11592.916	0.000	11292.000	14247.000	1.000	1.000	2.000
937.000	2.000	1.000	1.000	19829.905	0.000	15292.000	21840.000	1.000	1.000	1.000
938.000	6.000	3.000	3.000	31766.697	0.000	26118.000	39476.000	1.000	1.000	4.000
939.000	53.000	0.000	53.000	18821.645	0.000	56035.000	10000000000.000	0.000	3.000	10.000
940.000	2.000	1.000	1.000	6293.733	0.000	6283.000	6876.000	1.000	1.000	1.000
941.000	3.000	2.000	1.000	8036.373	0.000	7250.000	8224.000	1.000	1.000	1.000
942.000	19.000	7.000	12.000	10157.702	0.000	8765.000	10410.000	1.000	1.000	10.000
943.000	4.000	1.000	3.000	14177.698	0.000	11292.000	14247.000	1.000	1.000	1.000
944.000	3.000	1.000	2.000	15910.339	0.000	15292.000	21840.000	1.000	1.000	1.000
945.000	4.000	3.000	1.000	39152.465	0.000	26118.000	39476.000	1.000	1.000	1.000
946.000	1.000	0.000	1.000	150705.891	0.000	56035.000	10000000000.000	1.000	1.000	1.000
947.000	2.000	1.000	1.000	4716.230	0.000	0.000	6000.000	1.000	1.000	1.000
948.000	2.000	1.000	1.000	6570.341	0.000	6283.000	6876.000	1.000	1.000	1.000
949.000	2.000	1.000	1.000	7558.811	0.000	7250.000	8224.000	1.000	1.000	1.000
950.000	2.000	1.000	1.000	9694.802	0.000	8765.000	10410.000	1.000	1.000	1.000
951.000	4.000	3.000	1.000	12997.833	0.000	11292.000	14247.000	1.000	1.000	1.000
952.000	6.000	3.000	3.000	16458.967	0.000	15292.000	21840.000	1.000	2.000	2.000
953.000	5.000	3.000	2.000	30525.005	0.000	26118.000	39476.000	1.000	1.000	3.000
954.000	1.000	0.000	1.000	155461.696	0.000	56035.000	10000000000.000	1.000	1.000	1.000
955.000	1.000	0.000	1.000	4559.009	0.000	0.000	6000.000	1.000	1.000	1.000
956.000	2.000	1.000	1.000	7646.514	0.000	7250.000	8224.000	1.000	1.000	1.000
957.000	4.000	3.000	1.000	10167.932	0.000	8765.000	10410.000	1.000	1.000	1.000
958.000	2.000	1.000	1.000	12210.858	0.000	11292.000	14247.000	1.000	1.000	1.000
959.000	10.000	6.000	4.000	17130.034	0.000	15292.000	21840.000	1.000	2.000	3.000
960.000	4.000	2.000	2.000	37147.259	0.000	26118.000	39476.000	1.000	1.000	2.000
961.000	2.000	0.000	2.000	115375.777	0.000	56035.000	10000000000.000	1.000	2.000	1.000
962.000	2.000	1.000	1.000	4708.904	0.000	0.000	6000.000	1.000	1.000	1.000
963.000	3.000	2.000	1.000	6489.713	0.000	6283.000	6876.000	1.000	1.000	1.000
964.000	2.000	1.000	1.000	7653.924	0.000	7250.000	8224.000	1.000	1.000	1.000
965.000	3.000	1.000	2.000	8901.121	0.000	8765.000	10410.000	1.000	1.000	1.000
966.000	4.000	1.000	3.000	12060.543	0.000	11292.000	14247.000	1.000	1.000	1.000
967.000	4.000	0.000	4.000	19417.439	0.000	15292.000	21840.000	1.000	2.000	1.000
968.000	6.000	3.000	3.000	37291.236	0.000	26118.000	39476.000	1.000	1.000	3.000
969.000	15.000	0.000	15.000	58827.891	0.000	56035.000	10000000000.000	1.000	3.000	3.000
970.000	2.000	1.000	1.000	4447.901	0.000	0.000	6000.000	1.000	1.000	1.000
971.000	2.000	1.000	1.000	6645.027	0.000	6283.000	6876.000	1.000	1.000	1.000
972.000	7.000	2.000	5.000	9553.570	0.000	8765.000	10410.000	1.000	1.000	3.000
973.000	2.000	1.000	1.000	14148.786	0.000	11292.000	14247.000	1.000	1.000	1.000
974.000	6.000	1.000	5.000	19908.910	0.000	15292.000	21840.000	1.000	1.000	2.000
975.000	2.000	1.000	1.000	27385.239	0.000	26118.000	39476.000	1.000	1.000	1.000
976.000	1.000	0.000	1.000	103916.340	0.000	56035.000	10000000000.000	1.000	1.000	1.000
977.000	2.000	1.000	1.000	5271.141	0.000	0.000	6000.000	1.000	1.000	1.000
978.000	4.000	3.000	1.000	6765.363	0.000	6283.000	6876.000	1.000	1.000	1.000
979.000	12.000	4.000	8.000	7453.348	0.000	7250.000	8224.000	1.000	1.000	7.000
980.000	3.000	1.000	2.000	9110.100	0.000	8765.000	10410.000	1.000	1.000	1.000
981.000	5.000	2.000	3.000	12471.629	0.000	11292.000	14247.000	1.000	2.000	1.000
982.000	2.000	1.000	1.000	15816.558	0.000	15292.000	21840.000	1.000	1.000	1.000
983.000	15.000	6.000	9.000	27346.750	0.000	26118.000	39476.000	1.000	3.000	4.000
984.000	1.000	0.000	1.000	210387.418	0.000	56035.000	10000000000.000	1.000	1.000	1.000
985.000	2.000	1.000	1.000	5789.964	0.000	0.000	6000.000	1.000	1.000	1.000
986.000	4.000	3.000	1.000	6776.656	0.000	6283.000	6876.000	1.000	1.000	1.000
987.000	2.000	1.000	1.000	7766.759	0.000	7250.000	8224.000	1.000	1.000	1.000
988.000	3.000	1.000	2.000	11385.659	0.000	11292.000	14247.000	1.000	1.000	1.000
989.000	11.000	5.000	6.000	16176.434	0.000	15292.000	21840.000	1.000	1.000	6.000
990.000	15.000	6.000	9.000	29741.471	0.000	26118.000	39476.000	1.000	1.000	10.000
991.000	1.000	0.000	1.000	126290.435	0.000	56035.000	10000000000.000	1.000	1.000	1.000
992.000	2.000	1.000	1.000	4556.355	0.000	0.000	6000.000	1.000	1.000	1.000
993.000	12.000	9.000	3.000	6572.734	0.000	6283.000	6876.000	1.000	3.000	2.000
994.000	2.000	1.000	1.000	7433.765	0.000	7250.000	8224.000	1.000	1.000	1.000
995.000	4.000	1.000	3.000	9788.392	0.000	8765.000	10410.000	1.000	1.000	1.000
996.000	3.000	1.000	2.000	11322.994	0.000	11292.000	14247.000	1.000	1.000	1.000
997.000	4.000	3.000	1.000	17501.541	0.000	15292.000	21840.000	1.000	1.000	1.000
998.000	2.000	1.000	1.000	37935.827	0.000	26118.000	39476.000	1.000	1.000	1.000
999.000	1.000	0.000	1.000	158172.745	0.000	56035.000	10000000000.000	1.000	1.000	1.000
1000.000	4.000	2.000	2.000	5673.966	0.000	0.000	6000.000	1.000	2.000	1.000
1001.000	3.000	2.000	1.000	6472.901	0.000	6283.000	6876.000	1.000	1.000	1.000
1002.000	3.000	1.000	2.000	7516.789	0.000	7250.000	8224.000	1.000	1.000	1.000
1003.000	3.000	2.000	1.000	9405.232	0.000	8765.000	10410.000	1.000	1.000	1.000
1004.000	2.000	1.000	1.000	18507.701	0.000	15292.000	21840.000	1.000	1.000	1.000
1005.000	4.000	2.000	2.000	33737.557	0.000	26118.000	39476.000	1.000	2.000	1.000
1006.000	3.000	0.000	3.000	86194.912	0.000	56035.000	10000000000.000	1.000	3.000	1.000
1007.000	2.000	1.000	1.000	4494.640	0.000	0.000	6000.000	1.000	1.000	1.000
1008.000	2.000	1.000	1.000	6869.102	0.000	6283.000	6876.000	1.000	1.000	1.000
1009.000	3.000	2.000	1.000	8151.174	0.000	7250.000	8224.000	1.000	1.000	1.000
1010.000	2.000	1.000	1.000	9407.442	0.000	8765.000	10410.000	1.000	1.000	1.000
1011.000	4.000	1.000	3.000	13535.063	0.000	11292.000	14247.000	1.000	1.000	1.000
1012.000	6.000	4.000	2.000	19799.919	0.000	15292.000	21840.000	1.000	2.000	1.000
1013.000	10.000	5.000	5.000	34347.404	0.000	26118.000	39476.000	1.000	1.000	6.000
1014.000	3.000	0.000	3.000	63325.468	0.000	56035.000	10000000000.000	1.000	3.000	1.000
1015.000	2.000	1.000	1.000	4509.585	0.000	0.000	6000.000	1.000	1.000	1.000
1016.000	2.000	1.000	1.000	6692.513	0.000	6283.000	6876.000	1.000	1.000	1.000
1017.000	5.000	4.000	1.000	7737.307	0.000	7250.000	8224.000	1.000	1.000	1.000
1018.000	4.000	1.000	3.000	10122.454	0.000	8765.000	10410.000	1.000	1.000	1.000
1019.000	7.000	2.000	5.000	11592.299	0.000	11292.000	14247.000	1.000	1.000	3.000
1020.000	6.000	4.000	2.000	37163.510	0.000	26118.000	39476.000	1.000	1.000	3.000
1021.000	1.000	0.000	1.000	268209.114	0.000	56035.000	10000000000.000	1.000	1.000	1.000
1022.000	2.000	1.000	1.000	4917.781	0.000	0.000	6000.000	1.000	1.000	1.000
1023.000	4.000	3.000	1.000	6359.221	0.000	6283.000	6876.000	1.000	1.000	1.000
1024.000	2.000	1.000	1.000	7400.029	0.000	7250.000	8224.000	1.000	1.000	1.000
1025.000	2.000	1.000	1.000	8947.632	0.000	8765.000	10410.000	1.000	1.000	1.000
1026.000	3.000	1.000	2.000	12468.861	0.000	11292.000	14247.000	1.000	1.000	1.000
1027.000	3.000	1.000	2.000	17117.658	0.000	15292.000	21840.000	1.000	1.000	1.000
1028.000	12.000	6.000	6.000	83880.356	0.000	26118.000	39476.000	0.000	1.000	10.000
1029.000	1.000	0.000	1.000	57876.736	0.000	56035.000	10000000000.000	1.000	1.000	1.000
1030.000	2.000	1.000	1.000	4140.397	0.000	0.000	6000.000	1.000	1.000	1.000
1031.000	14.000	6.000	8.000	6774.113	0.000	6283.000	6876.000	1.000	1.000	3.000
1032.000	3.000	2.000	1.000	8097.149	0.000	7250.000	8224.000	1.000	1.000	1.000
1033.000	3.000	1.000	2.000	9304.305	0.000	8765.000	10410.000	1.000	1.000	1.000
1034.000	4.000	2.000	2.000	12574.287	0.000	11292.000	14247.000	1.000	2.000	1.000
1035.000	8.000	5.000	3.000	17014.720	0.000	15292.000	21840.000	1.000	3.000	1.000
1036.000	1.000	0.000	1.000	85375.135	0.000	56035.000	10000000000.000	1.000	1.000	1.000
1037.000	2.000	1.000	1.000	4816.678	0.000	0.000	6000.000	1.000	1.000	1.000
1038.000	4.000	3.000	1.000	6823.976	0.000	6283.000	6876.000	1.000	1.000	1.000
1039.000	9.000	7.000	2.000	8005.544	0.000	7250.000	8224.000	1.000	2.000	2.000
1040.000	2.000	1.000	1.000	9700.796	0.000	8765.000	10410.000	1.000	1.000	1.000
1041.000	2.000	1.000	1.000	11707.915	0.000	11292.000	14247.000	1.000	1.000	1.000
1042.000	2.000	1.000	1.000	19296.307	0.000	15292.000	21840.000	1.000	1.000	1.000
1043.000	1.000	0.000	1.000	33302.712	0.000	26118.000	39476.000	1.000	1.000	1.000
1044.000	1.000	0.000	1.000	102521.531	0.000	56035.000	10000000000.000	1.000	1.000	1.000
1045.000	2.000	1.000	1.000	4018.771	0.000	0.000	6000.000	1.000	1.000	1.000
1046.000	4.000	3.000	1.000	6639.782	0.000	6283.000	6876.000	1.000	1.000	1.000
1047.000	3.000	2.000	1.000	7879.974	0.000	7250.000	8224.000	1.000	1.000	1.000
1048.000	15.000	0.000	15.000	9732.811	0.000	8765.000	10410.000	1.000	3.000	1.000
1049.000	7.000	2.000	5.000	13538.693	0.000	11292.000	14247.000	1.000	1.000	3.000
1050.000	19.000	9.000	10.000	17298.918	0.000	15292.000	21840.000	1.000	3.000	9.000
1051.000	14.000	0.000	14.000	26551.435	0.000	26118.000	39476.000	1.000	3.000	2.000
1052.000	2.000	1.000	1.000	4443.803	0.000	0.000	6000.000	1.000	1.000	1.000
1053.000	3.000	2.000	1.000	6510.445	0.000	6283.000	6876.000	1.000	1.000	1.000
1054.000	15.000	13.000	2.000	8069.945	0.000	7250.000	8224.000	1.000	2.000	4.000
1055.000	2.000	1.000	1.000	10406.569	0.000	8765.000	10410.000	1.000	1.000	1.000
800.000	1.000	0.000	1.000	18698.270	0.000	15292.000	21840.000	1.000	1.000	1.000
801.000	3.000	2.000	1.000	29507.643	0.000	26118.000	39476.000	1.000	1.000	1.000
802.000	1.000	0.000	1.000	164819.412	0.000	56035.000	10000000000.000	1.000	1.000	1.000
803.000	2.000	1.000	1.000	4201.501	0.000	0.000	6000.000	1.000	1.000	1.000
804.000	2.000	1.000	1.000	6677.116	0.000	6283.000	6876.000	1.000	1.000	1.000
805.000	4.000	2.000	2.000	7495.259	0.000	7250.000	8224.000	1.000	1.000	2.000
806.000	3.000	1.000	2.000	8862.707	0.000	8765.000	10410.000	1.000	1.000	1.000
807.000	2.000	1.000	1.000	13352.723	0.000	11292.000	14247.000	1.000	1.000	1.000
808.000	1.000	0.000	1.000	17153.403	0.000	15292.000	21840.000	1.000	1.000	1.000
809.000	7.000	0.000	7.000	38727.572	0.000	26118.000	39476.000	1.000	3.000	1.000
810.000	1.000	0.000	1.000	119891.361	0.000	56035.000	10000000000.000	1.000	1.000	1.000
811.000	3.000	2.000	1.000	6480.645	0.000	6283.000	6876.000	1.000	1.000	1.000
812.000	8.000	7.000	1.000	7789.461	0.000	7250.000	8224.000	1.000	1.000	2.000
813.000	2.000	1.000	1.000	8769.212	0.000	8765.000	10410.000	1.000	1.000	1.000
814.000	3.000	1.000	2.000	12601.310	0.000	11292.000	14247.000	1.000	1.000	1.000
815.000	3.000	2.000	1.000	21513.590	0.000	15292.000	21840.000	1.000	1.000	1.000
816.000	1.000	0.000	1.000	36767.277	0.000	26118.000	39476.000	1.000	1.000	1.000
817.000	1.000	0.000	1.000	131725.877	0.000	56035.000	10000000000.000	1.000	1.000	1.000
818.000	2.000	1.000	1.000	4555.282	0.000	0.000	6000.000	1.000	1.000	1.000
819.000	2.000	1.000	1.000	6619.881	0.000	6283.000	6876.000	1.000	1.000	1.000
820.000	2.000	1.000	1.000	7952.028	0.000	7250.000	8224.000	1.000	1.000	1.000
821.000	3.000	1.000	2.000	9417.897	0.000	8765.000	10410.000	1.000	1.000	1.000
822.000	2.000	1.000	1.000	12278.918	0.000	11292.000	14247.000	1.000	1.000	1.000
823.000	3.000	1.000	2.000	18585.920	0.000	15292.000	21840.000	1.000	1.000	1.000
824.000	5.000	3.000	2.000	26544.960	0.000	26118.000	39476.000	1.000	1.000	3.000
825.000	1.000	0.000	1.000	180044.651	0.000	56035.000	10000000000.000	1.000	1.000	1.000
826.000	4.000	2.000	2.000	5581.620	0.000	0.000	6000.000	1.000	2.000	1.000
827.000	3.000	2.000	1.000	8019.221	0.000	7250.000	8224.000	1.000	1.000	1.000
828.000	4.000	1.000	3.000	9855.224	0.000	8765.000	10410.000	1.000	1.000	1.000
829.000	9.000	3.000	6.000	11575.001	0.000	11292.000	14247.000	1.000	2.000	3.000
830.000	1.000	0.000	1.000	21216.112	0.000	15292.000	21840.000	1.000	1.000	1.000
831.000	2.000	1.000	1.000	35387.706	0.000	26118.000	39476.000	1.000	1.000	1.000
832.000	1.000	0.000	1.000	385838.401	0.000	56035.000	10000000000.000	1.000	1.000	1.000
833.000	2.000	1.000	1.000	4376.930	0.000	0.000	6000.000	1.000	1.000	1.000
834.000	3.000	2.000	1.000	6665.629	0.000	6283.000	6876.000	1.000	1.000	1.000
835.000	3.000	2.000	1.000	7530.782	0.000	7250.000	8224.000	1.000	1.000	1.000
836.000	2.000	1.000	1.000	9989.171	0.000	8765.000	10410.000	1.000	1.000	1.000
837.000	9.000	3.000	6.000	11356.591	0.000	11292.000	14247.000	1.000	1.000	4.000
838.000	1.000	0.000	1.000	17758.447	0.000	15292.000	21840.000	1.000	1.000	1.000
839.000	1.000	0.000	1.000	39113.773	0.000	26118.000	39476.000	1.000	1.000	1.000
840.000	1.000	0.000	1.000	161772.588	0.000	56035.000	10000000000.000	1.000	1.000	1.000
841.000	2.000	1.000	1.000	5001.162	0.000	0.000	6000.000	1.000	1.000	1.000
842.000	4.000	3.000	1.000	6843.418	0.000	6283.000	6876.000	1.000	1.000	1.000
843.000	2.000	1.000	1.000	8788.152	0.000	8765.000	10410.000	1.000	1.000	1.000
844.000	2.000	1.000	1.000	12761.009	0.000	11292.000	14247.000	1.000	1.000	1.000
845.000	7.000	3.000	4.000	17682.624	0.000	15292.000	21840.000	1.000	1.000	3.000
846.000	2.000	1.000	1.000	33755.213	0.000	26118.000	39476.000	1.000	1.000	1.000
847.000	1.000	0.000	1.000	240171.261	0.000	56035.000	10000000000.000	1.000	1.000	1.000
848.000	2.000	1.000	1.000	4279.462	0.000	0.000	6000.000	1.000	1.000	1.000
849.000	15.000	14.000	1.000	6830.601	0.000	6283.000	6876.000	1.000	1.000	5.000
850.000	13.000	1.000	12.000	8205.752	0.000	7250.000	8224.000	1.000	3.000	3.000
851.000	10.000	5.000	5.000	9418.024	0.000	8765.000	10410.000	1.000	1.000	3.000
852.000	8.000	7.000	1.000	11478.755	0.000	11292.000	14247.000	1.000	1.000	2.000
853.000	3.000	1.000	2.000	16411.272	0.000	15292.000	21840.000	1.000	1.000	1.000
854.000	17.000	0.000	17.000	30152.662	0.000	26118.000	39476.000	1.000	3.000	2.000
855.000	3.000	0.000	3.000	430739.936	0.000	56035.000	10000000000.000	1.000	3.000	1.000
856.000	2.000	1.000	1.000	4453.930	0.000	0.000	6000.000	1.000	1.000	1.000
857.000	6.000	4.000	2.000	6815.804	0.000	6283.000	6876.000	1.000	2.000	1.000
858.000	2.000	1.000	1.000	7362.627	0.000	7250.000	8224.000	1.000	1.000	1.000
859.000	2.000	1.000	1.000	12724.180	0.000	11292.000	14247.000	1.000	1.000	1.000
860.000	5.000	2.000	3.000	15664.614	0.000	15292.000	21840.000	1.000	2.000	1.000
861.000	1.000	0.000	1.000	28932.599	0.000	26118.000	39476.000	1.000	1.000	1.000
862.000	1.000	0.000	1.000	69462.009	0.000	56035.000	10000000000.000	1.000	1.000	1.000
863.000	2.000	1.000	1.000	4342.031	0.000	0.000	6000.000	1.000	1.000	1.000
864.000	35.000	27.000	8.000	7639.537	0.000	6283.000	6876.000	0.000	1.000	10.000
865.000	2.000	1.000	1.000	7396.006	0.000	7250.000	8224.000	1.000	1.000	1.000
866.000	20.000	2.000	18.000	9354.584	0.000	8765.000	10410.000	1.000	3.000	2.000
867.000	7.000	2.000	5.000	11801.858	0.000	11292.000	14247.000	1.000	1.000	3.000
868.000	6.000	4.000	2.000	17553.671	0.000	15292.000	21840.000	1.000	1.000	2.000
869.000	7.000	6.000	1.000	31612.730	0.000	26118.000	39476.000	1.000	1.000	2.000
870.000	1.000	0.000	1.000	106506.145	0.000	56035.000	10000000000.000	1.000	1.000	1.000
871.000	2.000	1.000	1.000	4310.999	0.000	0.000	6000.000	1.000	1.000	1.000
872.000	3.000	2.000	1.000	6828.217	0.000	6283.000	6876.000	1.000	1.000	1.000
873.000	2.000	1.000	1.000	7420.604	0.000	7250.000	8224.000	1.000	1.000	1.000
874.000	3.000	1.000	2.000	9415.147	0.000	8765.000	10410.000	1.000	1.000	1.000
875.000	2.000	1.000	1.000	18390.045	0.000	15292.000	21840.000	1.000	1.000	1.000
876.000	5.000	1.000	4.000	26878.042	0.000	26118.000	39476.000	1.000	3.000	1.000
877.000	1.000	0.000	1.000	449298.643	0.000	56035.000	10000000000.000	1.000	1.000	1.000
878.000	2.000	1.000	1.000	4511.214	0.000	0.000	6000.000	1.000	1.000	1.000
879.000	3.000	2.000	1.000	6832.919	0.000	6283.000	6876.000	1.000	1.000	1.000
880.000	2.000	1.000	1.000	7439.799	0.000	7250.000	8224.000	1.000	1.000	1.000
881.000	2.000	1.000	1.000	8963.013	0.000	8765.000	10410.000	1.000	1.000	1.000
882.000	2.000	1.000	1.000	11726.165	0.000	11292.000	14247.000	1.000	1.000	1.000
883.000	3.000	2.000	1.000	21540.200	0.000	15292.000	21840.000	1.000	1.000	1.000
884.000	14.000	6.000	8.000	23967.384	0.000	26118.000	39476.000	0.000	1.000	10.000
885.000	1.000	0.000	1.000	169668.931	0.000	56035.000	10000000000.000	1.000	1.000	1.000
886.000	2.000	1.000	1.000	4539.022	0.000	0.000	6000.000	1.000	1.000	1.000
887.000	2.000	1.000	1.000	6464.443	0.000	6283.000	6876.000	1.000	1.000	1.000
888.000	3.000	1.000	2.000	7606.370	0.000	7250.000	8224.000	1.000	1.000	1.000
889.000	3.000	1.000	2.000	9025.702	0.000	8765.000	10410.000	1.000	1.000	1.000
890.000	2.000	1.000	1.000	12051.904	0.000	11292.000	14247.000	1.000	1.000	1.000
891.000	2.000	1.000	1.000	31974.334	0.000	26118.000	39476.000	1.000	1.000	1.000
892.000	2.000	0.000	2.000	299455.203	0.000	56035.000	10000000000.000	1.000	2.000	1.000
893.000	5.000	2.000	3.000	4051.904	0.000	0.000	6000.000	1.000	3.000	1.000
894.000	36.000	33.000	3.000	9222.340	0.000	6283.000	6876.000	0.000	3.000	10.000
895.000	2.000	1.000	1.000	8014.553	0.000	7250.000	8224.000	1.000	1.000	1.000
896.000	3.000	2.000	1.000	10152.343	0.000	8765.000	10410.000	1.000	1.000	1.000
897.000	2.000	1.000	1.000	11750.931	0.000	11292.000	14247.000	1.000	1.000	1.000
898.000	6.000	1.000	5.000	19979.030	0.000	15292.000	21840.000	1.000	3.000	2.000
899.000	2.000	1.000	1.000	31416.265	0.000	26118.000	39476.000	1.000	1.000	1.000
900.000	53.000	0.000	53.000	26280.572	0.000	56035.000	10000000000.000	0.000	3.000	10.000
901.000	2.000	1.000	1.000	5084.115	0.000	0.000	6000.000	1.000	1.000	1.000
902.000	3.000	2.000	1.000	6577.836	0.000	6283.000	6876.000	1.000	1.000	1.000
903.000	2.000	1.000	1.000	8155.469	0.000	7250.000	8224.000	1.000	1.000	1.000
904.000	9.000	2.000	7.000	10083.215	0.000	8765.000	10410.000	1.000	1.000	3.000
905.000	2.000	1.000	1.000	13634.942	0.000	11292.000	14247.000	1.000	1.000	1.000
906.000	6.000	3.000	3.000	18754.855	0.000	15292.000	21840.000	1.000	3.000	1.000
907.000	2.000	0.000	2.000	81984.889	0.000	56035.000	10000000000.000	1.000	2.000	1.000
908.000	6.000	3.000	3.000	5866.391	0.000	0.000	6000.000	1.000	3.000	1.000
909.000	10.000	1.000	9.000	6722.390	0.000	6283.000	6876.000	1.000	1.000	2.000
910.000	2.000	1.000	1.000	7447.180	0.000	7250.000	8224.000	1.000	1.000	1.000
911.000	8.000	6.000	2.000	9958.126	0.000	8765.000	10410.000	1.000	2.000	2.000
912.000	2.000	1.000	1.000	11907.611	0.000	11292.000	14247.000	1.000	1.000	1.000
913.000	7.000	4.000	3.000	16618.464	0.000	15292.000	21840.000	1.000	2.000	2.000
914.000	3.000	1.000	2.000	34263.270	0.000	26118.000	39476.000	1.000	2.000	1.000
915.000	1.000	0.000	1.000	875336.006	0.000	56035.000	10000000000.000	1.000	1.000	1.000
916.000	4.000	2.000	2.000	5567.104	0.000	0.000	6000.000	1.000	2.000	1.000
917.000	8.000	5.000	3.000	6336.660	0.000	6283.000	6876.000	1.000	1.000	3.000
918.000	2.000	1.000	1.000	7503.946	0.000	7250.000	8224.000	1.000	1.000	1.000
919.000	6.000	2.000	4.000	9098.890	0.000	8765.000	10410.000	1.000	1.000	2.000
920.000	5.000	2.000	3.000	11869.021	0.000	11292.000	14247.000	1.000	1.000	2.000
921.000	5.000	0.000	5.000	16965.325	0.000	15292.000	21840.000	1.000	2.000	1.000
922.000	2.000	0.000	2.000	26921.878	0.000	26118.000	39476.000	1.000	2.000	1.000
923.000	2.000	1.000	1.000	4139.595	0.000	0.000	6000.000	1.000	1.000	1.000
924.000	3.000	2.000	1.000	6575.613	0.000	6283.000	6876.000	1.000	1.000	1.000
925.000	3.000	2.000	1.000	7561.700	0.000	7250.000	8224.000	1.000	1.000	1.000
926.000	2.000	1.000	1.000	8974.306	0.000	8765.000	10410.000	1.000	1.000	1.000
927.000	4.000	2.000	2.000	12808.076	0.000	11292.000	14247.000	1.000	2.000	1.000
928.000	1.000	0.000	1.000	20402.454	0.000	15292.000	21840.000	1.000	1.000	1.000
929.000	3.000	2.000	1.000	35662.358	0.000	26118.000	39476.000	1.000	1.000	1.000
930.000	2.000	0.000	2.000	143485.370	0.000	56035.000	10000000000.000	1.000	2.000	1.000
931.000	2.000	1.000	1.000	4244.225	0.000	0.000	6000.000	1.000	1.000	1.000
932.000	2.000	1.000	1.000	6870.497	0.000	6283.000	6876.000	1.000	1.000	1.000
933.000	4.000	3.000	1.000	8101.443	0.000	7250.000	8224.000	1.000	1.000	1.000
934.000	2.000	1.000	1.000	9757.651	0.000	8765.000	10410.000	1.000	1.000	1.000
935.000	2.000	1.000	1.000	13812.133	0.000	11292.000	14247.000	1.000	1.000	1.000
936.000	7.000	3.000	4.000	19183.966	0.000	15292.000	21840.000	1.000	1.000	3.000
937.000	8.000	5.000	3.000	36158.465	0.000	26118.000	39476.000	1.000	1.000	4.000
938.000	1.000	0.000	1.000	81436.649	0.000	56035.000	10000000000.000	1.000	1.000	1.000
939.000	9.000	0.000	9.000	6397.980	0.000	6283.000	6876.000	1.000	1.000	1.000
940.000	2.000	1.000	1.000	7604.991	0.000	7250.000	8224.000	1.000	1.000	1.000
941.000	3.000	1.000	2.000	8958.679	0.000	8765.000	10410.000	1.000	1.000	1.000
942.000	10.000	4.000	6.000	13900.164	0.000	11292.000	14247.000	1.000	1.000	6.000
943.000	7.000	3.000	4.000	15344.131	0.000	15292.000	21840.000	1.000	2.000	2.000
944.000	13.000	7.000	6.000	57230.998	0.000	26118.000	39476.000	0.000	1.000	10.000
945.000	1.000	0.000	1.000	57187.773	0.000	56035.000	10000000000.000	1.000	1.000	1.000
946.000	4.000	2.000	2.000	5228.279	0.000	0.000	6000.000	1.000	2.000	1.000
947.000	2.000	1.000	1.000	6572.586	0.000	6283.000	6876.000	1.000	1.000	1.000
948.000	2.000	1.000	1.000	7722.725	0.000	7250.000	8224.000	1.000	1.000	1.000
949.000	2.000	1.000	1.000	9091.029	0.000	8765.000	10410.000	1.000	1.000	1.000
950.000	3.000	1.000	2.000	11660.448	0.000	11292.000	14247.000	1.000	1.000	1.000
951.000	4.000	2.000	2.000	20377.030	0.000	15292.000	21840.000	1.000	2.000	1.000
952.000	10.000	7.000	3.000	28862.351	0.000	26118.000	39476.000	1.000	1.000	3.000
953.000	1.000	0.000	1.000	118771.149	0.000	56035.000	10000000000.000	1.000	1.000	1.000
954.000	4.000	2.000	2.000	5784.944	0.000	0.000	6000.000	1.000	2.000	1.000
955.000	13.000	0.000	13.000	7720.174	0.000	7250.000	8224.000	1.000	3.000	2.000
956.000	4.000	1.000	3.000	9582.588	0.000	8765.000	10410.000	1.000	1.000	1.000
957.000	2.000	1.000	1.000	14232.272	0.000	11292.000	14247.000	1.000	1.000	1.000
958.000	5.000	3.000	2.000	20208.435	0.000	15292.000	21840.000	1.000	2.000	1.000
959.000	3.000	1.000	2.000	38262.138	0.000	26118.000	39476.000	1.000	1.000	1.000
960.000	1.000	0.000	1.000	159754.327	0.000	56035.000	10000000000.000	1.000	1.000	1.000
961.000	2.000	1.000	1.000	3946.948	0.000	0.000	6000.000	1.000	1.000	1.000
962.000	6.000	4.000	2.000	6295.200	0.000	6283.000	6876.000	1.000	1.000	2.000
963.000	3.000	2.000	1.000	8058.407	0.000	7250.000	8224.000	1.000	1.000	1.000
964.000	5.000	3.000	2.000	9517.180	0.000	8765.000	10410.000	1.000	1.000	2.000
965.000	7.000	2.000	5.000	13691.866	0.000	11292.000	14247.000	1.000	1.000	3.000
966.000	9.000	5.000	4.000	20149.280	0.000	15292.000	21840.000	1.000	1.000	4.000
967.000	6.000	1.000	5.000	35081.880	0.000	26118.000	39476.000	1.000	1.000	2.000
968.000	1.000	0.000	1.000	256477.436	0.000	56035.000	10000000000.000	1.000	1.000	1.000
969.000	2.000	1.000	1.000	4951.071	0.000	0.000	6000.000	1.000	1.000	1.000
970.000	2.000	1.000	1.000	6577.699	0.000	6283.000	6876.000	1.000	1.000	1.000
971.000	2.000	1.000	1.000	9884.142	0.000	8765.000	10410.000	1.000	1.000	1.000
972.000	14.000	4.000	10.000	14211.018	0.000	11292.000	14247.000	1.000	1.000	7.000
973.000	2.000	1.000	1.000	15858.904	0.000	15292.000	21840.000	1.000	1.000	1.000
974.000	2.000	0.000	2.000	35539.725	0.000	26118.000	39476.000	1.000	2.000	1.000
975.000	1.000	0.000	1.000	111956.411	0.000	56035.000	10000000000.000	1.000	1.000	1.000
976.000	2.000	1.000	1.000	5502.557	0.000	0.000	6000.000	1.000	1.000	1.000
977.000	2.000	1.000	1.000	6462.200	0.000	6283.000	6876.000	1.000	1.000	1.000
978.000	4.000	3.000	1.000	7664.974	0.000	7250.000	8224.000	1.000	1.000	1.000
979.000	4.000	1.000	3.000	8877.594	0.000	8765.000	10410.000	1.000	1.000	1.000
980.000	3.000	1.000	2.000	11510.773	0.000	11292.000	14247.000	1.000	1.000	1.000
981.000	7.000	3.000	4.000	18570.560	0.000	15292.000	21840.000	1.000	3.000	1.000
982.000	5.000	2.000	3.000	38099.326	0.000	26118.000	39476.000	1.000	1.000	3.000
983.000	7.000	0.000	7.000	124440.456	0.000	56035.000	10000000000.000	1.000	3.000	1.000
984.000	2.000	1.000	1.000	4028.844	0.000	0.000	6000.000	1.000	1.000	1.000
985.000	6.000	5.000	1.000	6771.163	0.000	6283.000	6876.000	1.000	1.000	2.000
986.000	4.000	3.000	1.000	8023.784	0.000	7250.000	8224.000	1.000	1.000	1.000
987.000	2.000	1.000	1.000	12769.711	0.000	11292.000	14247.000	1.000	1.000	1.000
988.000	3.000	1.000	2.000	17007.907	0.000	15292.000	21840.000	1.000	2.000	1.000
989.000	1.000	0.000	1.000	37623.974	0.000	26118.000	39476.000	1.000	1.000	1.000
990.000	1.000	0.000	1.000	59068.330	0.000	56035.000	10000000000.000	1.000	1.000	1.000
991.000	4.000	2.000	2.000	5195.345	0.000	0.000	6000.000	1.000	2.000	1.000
992.000	5.000	4.000	1.000	6556.316	0.000	6283.000	6876.000	1.000	1.000	1.000
993.000	9.000	8.000	1.000	7898.648	0.000	7250.000	8224.000	1.000	1.000	3.000
994.000	4.000	1.000	3.000	9725.853	0.000	8765.000	10410.000	1.000	1.000	1.000
995.000	4.000	3.000	1.000	11590.717	0.000	11292.000	14247.000	1.000	1.000	1.000
996.000	3.000	2.000	1.000	18421.657	0.000	15292.000	21840.000	1.000	1.000	1.000
997.000	2.000	0.000	2.000	35120.085	0.000	26118.000	39476.000	1.000	1.000	1.000
998.000	1.000	0.000	1.000	163873.333	0.000	56035.000	10000000000.000	1.000	1.000	1.000
999.000	2.000	1.000	1.000	4303.372	0.000	0.000	6000.000	1.000	1.000	1.000
1000.000	4.000	3.000	1.000	6574.273	0.000	6283.000	6876.000	1.000	1.000	1.000
1001.000	3.000	2.000	1.000	7719.507	0.000	7250.000	8224.000	1.000	1.000	1.000
1002.000	2.000	1.000	1.000	9850.458	0.000	8765.000	10410.000	1.000	1.000	1.000
1003.000	4.000	3.000	1.000	17771.223	0.000	15292.000	21840.000	1.000	1.000	1.000
1004.000	5.000	1.000	4.000	32828.112	0.000	26118.000	39476.000	1.000	1.000	3.000
1005.000	3.000	0.000	3.000	80844.994	0.000	56035.000	10000000000.000	1.000	3.000	1.000
1006.000	2.000	1.000	1.000	5093.967	0.000	0.000	6000.000	1.000	1.000	1.000
1007.000	36.000	33.000	3.000	9039.030	0.000	6283.000	6876.000	0.000	3.000	10.000
1008.000	2.000	1.000	1.000	8063.313	0.000	7250.000	8224.000	1.000	1.000	1.000
1009.000	2.000	1.000	1.000	8896.619	0.000	8765.000	10410.000	1.000	1.000	1.000
1010.000	2.000	1.000	1.000	12421.147	0.000	11292.000	14247.000	1.000	1.000	1.000
1011.000	2.000	1.000	1.000	19762.508	0.000	15292.000	21840.000	1.000	1.000	1.000
1012.000	6.000	3.000	3.000	36976.497	0.000	26118.000	39476.000	1.000	1.000	3.000
1013.000	1.000	0.000	1.000	250627.013	0.000	56035.000	10000000000.000	1.000	1.000	1.000
1014.000	2.000	1.000	1.000	4283.462	0.000	0.000	6000.000	1.000	1.000	1.000
1015.000	2.000	1.000	1.000	6684.190	0.000	6283.000	6876.000	1.000	1.000	1.000
1016.000	3.000	2.000	1.000	7962.044	0.000	7250.000	8224.000	1.000	1.000	1.000
1017.000	2.000	1.000	1.000	9191.310	0.000	8765.000	10410.000	1.000	1.000	1.000
1018.000	2.000	1.000	1.000	12892.991	0.000	11292.000	14247.000	1.000	1.000	1.000
1019.000	3.000	1.000	2.000	33886.578	0.000	26118.000	39476.000	1.000	1.000	1.000
1020.000	1.000	0.000	1.000	89764.800	0.000	56035.000	10000000000.000	1.000	1.000	1.000
1021.000	6.000	3.000	3.000	112248.669	0.000	0.000	6000.000	0.000	3.000	10.000
1022.000	6.000	5.000	1.000	6865.013	0.000	6283.000	6876.000	1.000	1.000	2.000
1023.000	3.000	2.000	1.000	8009.926	0.000	7250.000	8224.000	1.000	1.000	1.000
1024.000	3.000	1.000	2.000	9700.445	0.000	8765.000	10410.000	1.000	1.000	1.000
1025.000	2.000	1.000	1.000	12731.203	0.000	11292.000	14247.000	1.000	1.000	1.000
1026.000	11.000	6.000	5.000	16330.477	0.000	15292.000	21840.000	1.000	1.000	5.000
1027.000	2.000	1.000	1.000	34365.026	0.000	26118.000	39476.000	1.000	1.000	1.000
1028.000	1.000	0.000	1.000	96703.334	0.000	56035.000	10000000000.000	1.000	1.000	1.000
1029.000	2.000	1.000	1.000	4878.484	0.000	0.000	6000.000	1.000	1.000	1.000
1030.000	3.000	2.000	1.000	6453.053	0.000	6283.000	6876.000	1.000	1.000	1.000
1031.000	6.000	0.000	6.000	7725.482	0.000	7250.000	8224.000	1.000	3.000	1.000
1032.000	14.000	6.000	8.000	9668.428	0.000	8765.000	10410.000	1.000	1.000	7.000
1033.000	4.000	2.000	2.000	11619.951	0.000	11292.000	14247.000	1.000	2.000	1.000
1034.000	5.000	3.000	2.000	18807.010	0.000	15292.000	21840.000	1.000	1.000	3.000
1035.000	2.000	0.000	2.000	206851.390	0.000	56035.000	10000000000.000	1.000	2.000	1.000
1036.000	2.000	1.000	1.000	4363.665	0.000	0.000	6000.000	1.000	1.000	1.000
1037.000	2.000	1.000	1.000	6403.650	0.000	6283.000	6876.000	1.000	1.000	1.000
1038.000	3.000	2.000	1.000	8205.346	0.000	7250.000	8224.000	1.000	1.000	1.000
1039.000	3.000	2.000	1.000	9274.352	0.000	8765.000	10410.000	1.000	1.000	1.000
1040.000	3.000	2.000	1.000	12918.863	0.000	11292.000	14247.000	1.000	1.000	1.000
1041.000	3.000	2.000	1.000	17083.654	0.000	15292.000	21840.000	1.000	1.000	1.000
1042.000	1.000	0.000	1.000	26282.952	0.000	26118.000	39476.000	1.000	1.000	1.000
1043.000	1.000	0.000	1.000	109036.846	0.000	56035.000	10000000000.000	1.000	1.000	1.000
1044.000	2.000	1.000	1.000	5022.661	0.000	0.000	6000.000	1.000	1.000	1.000
1045.000	3.000	2.000	1.000	6806.693	0.000	6283.000	6876.000	1.000	1.000	1.000
1046.000	2.000	1.000	1.000	8061.391	0.000	7250.000	8224.000	1.000	1.000	1.000
1047.000	7.000	2.000	5.000	10185.804	0.000	8765.000	10410.000	1.000	1.000	3.000
1048.000	15.000	0.000	15.000	12827.747	0.000	11292.000	14247.000	1.000	3.000	1.000
1049.000	2.000	1.000	1.000	16165.998	0.000	15292.000	21840.000	1.000	1.000	1.000
1050.000	8.000	4.000	4.000	32839.254	0.000	26118.000	39476.000	1.000	1.000	5.000
1051.000	2.000	1.000	1.000	5173.544	0.000	0.000	6000.000	1.000	1.000	1.000
1052.000	6.000	4.000	2.000	6839.077	0.000	6283.000	6876.000	1.000	2.000	1.000
1053.000	3.000	2.000	1.000	7534.611	0.000	7250.000	8224.000	1.000	1.000	1.000
1054.000	8.000	7.000	1.000	9031.881	0.000	8765.000	10410.000	1.000	1.000	2.000
1055.000	2.000	1.000	1.000	12787.574	0.000	11292.000	14247.000	1.000	1.000	1.000
800.000	8.000	0.000	8.000	38803.941	0.000	26118.000	39476.000	1.000	1.000	1.000
801.000	1.000	0.000	1.000	83554.373	0.000	56035.000	10000000000.000	1.000	1.000	1.000
802.000	2.000	1.000	1.000	4979.597	0.000	0.000	6000.000	1.000	1.000	1.000
803.000	2.000	1.000	1.000	6752.456	0.000	6283.000	6876.000	1.000	1.000	1.000
804.000	6.000	2.000	4.000	7921.463	0.000	7250.000	8224.000	1.000	1.000	2.000
805.000	2.000	1.000	1.000	9622.405	0.000	8765.000	10410.000	1.000	1.000	1.000
806.000	3.000	1.000	2.000	13026.660	0.000	11292.000	14247.000	1.000	1.000	1.000
807.000	14.000	9.000	5.000	15400.988	0.000	15292.000	21840.000	1.000	3.000	4.000
808.000	13.000	3.000	10.000	30400.050	0.000	26118.000	39476.000	1.000	3.000	2.000
809.000	3.000	0.000	3.000	86148.009	0.000	56035.000	10000000000.000	1.000	3.000	1.000
810.000	2.000	1.000	1.000	6545.793	0.000	6283.000	6876.000	1.000	1.000	1.000
811.000	3.000	2.000	1.000	7682.998	0.000	7250.000	8224.000	1.000	1.000	1.000
812.000	2.000	1.000	1.000	9698.338	0.000	8765.000	10410.000	1.000	1.000	1.000
813.000	2.000	1.000	1.000	12183.479	0.000	11292.000	14247.000	1.000	1.000	1.000
814.000	2.000	1.000	1.000	16948.731	0.000	15292.000	21840.000	1.000	1.000	1.000
815.000	1.000	0.000	1.000	36070.092	0.000	26118.000	39476.000	1.000	1.000	1.000
816.000	12.000	0.000	12.000	59133.516	0.000	56035.000	10000000000.000	1.000	3.000	2.000
817.000	2.000	1.000	1.000	4777.748	0.000	0.000	6000.000	1.000	1.000	1.000
818.000	2.000	1.000	1.000	6654.091	0.000	6283.000	6876.000	1.000	1.000	1.000
819.000	2.000	1.000	1.000	7892.491	0.000	7250.000	8224.000	1.000	1.000	1.000
820.000	4.000	1.000	3.000	8981.203	0.000	8765.000	10410.000	1.000	1.000	1.000
821.000	4.000	2.000	2.000	11853.470	0.000	11292.000	14247.000	1.000	1.000	2.000
822.000	2.000	1.000	1.000	16515.079	0.000	15292.000	21840.000	1.000	1.000	1.000
823.000	6.000	4.000	2.000	27065.393	0.000	26118.000	39476.000	1.000	1.000	3.000
824.000	1.000	0.000	1.000	183787.862	0.000	56035.000	10000000000.000	1.000	1.000	1.000
825.000	2.000	1.000	1.000	4806.880	0.000	0.000	6000.000	1.000	1.000	1.000
826.000	3.000	2.000	1.000	7284.037	0.000	7250.000	8224.000	1.000	1.000	1.000
827.000	2.000	1.000	1.000	9280.505	0.000	8765.000	10410.000	1.000	1.000	1.000
828.000	2.000	1.000	1.000	11552.542	0.000	11292.000	14247.000	1.000	1.000	1.000
829.000	9.000	4.000	5.000	18747.991	0.000	15292.000	21840.000	1.000	1.000	5.000
830.000	3.000	1.000	2.000	36033.521	0.000	26118.000	39476.000	1.000	1.000	1.000
831.000	1.000	0.000	1.000	105368.748	0.000	56035.000	10000000000.000	1.000	1.000	1.000
832.000	2.000	1.000	1.000	4345.270	0.000	0.000	6000.000	1.000	1.000	1.000
833.000	9.000	8.000	1.000	6699.464	0.000	6283.000	6876.000	1.000	1.000	3.000
834.000	2.000	1.000	1.000	7855.182	0.000	7250.000	8224.000	1.000	1.000	1.000
835.000	2.000	1.000	1.000	9368.549	0.000	8765.000	10410.000	1.000	1.000	1.000
836.000	2.000	1.000	1.000	11344.458	0.000	11292.000	14247.000	1.000	1.000	1.000
837.000	9.000	2.000	7.000	18945.937	0.000	15292.000	21840.000	1.000	1.000	3.000
838.000	2.000	0.000	2.000	26321.485	0.000	26118.000	39476.000	1.000	1.000	1.000
839.000	11.000	0.000	11.000	60078.037	0.000	56035.000	10000000000.000	1.000	3.000	2.000
840.000	2.000	1.000	1.000	3837.821	0.000	0.000	6000.000	1.000	1.000	1.000
841.000	3.000	2.000	1.000	6595.624	0.000	6283.000	6876.000	1.000	1.000	1.000
842.000	2.000	1.000	1.000	9869.998	0.000	8765.000	10410.000	1.000	1.000	1.000
843.000	2.000	1.000	1.000	11350.595	0.000	11292.000	14247.000	1.000	1.000	1.000
844.000	3.000	2.000	1.000	20426.864	0.000	15292.000	21840.000	1.000	1.000	1.000
845.000	1.000	0.000	1.000	34358.585	0.000	26118.000	39476.000	1.000	1.000	1.000
846.000	1.000	0.000	1.000	287967.218	0.000	56035.000	10000000000.000	1.000	1.000	1.000
847.000	2.000	1.000	1.000	4415.019	0.000	0.000	6000.000	1.000	1.000	1.000
848.000	2.000	1.000	1.000	6742.026	0.000	6283.000	6876.000	1.000	1.000	1.000
849.000	11.000	8.000	3.000	7989.165	0.000	7250.000	8224.000	1.000	3.000	2.000
850.000	19.000	0.000	19.000	9426.920	0.000	8765.000	10410.000	1.000	3.000	1.000
851.000	3.000	2.000	1.000	12678.649	0.000	11292.000	14247.000	1.000	1.000	1.000
852.000	7.000	6.000	1.000	19931.354	0.000	15292.000	21840.000	1.000	1.000	2.000
853.000	3.000	2.000	1.000	37961.876	0.000	26118.000	39476.000	1.000	1.000	1.000
854.000	28.000	0.000	28.000	81430.937	0.000	56035.000	10000000000.000	1.000	3.000	5.000
855.000	2.000	1.000	1.000	4582.269	0.000	0.000	6000.000	1.000	1.000	1.000
856.000	2.000	1.000	1.000	6783.876	0.000	6283.000	6876.000	1.000	1.000	1.000
857.000	3.000	2.000	1.000	8137.501	0.000	7250.000	8224.000	1.000	1.000	1.000
858.000	7.000	5.000	2.000	12052.280	0.000	11292.000	14247.000	1.000	2.000	1.000
859.000	2.000	1.000	1.000	15292.189	0.000	15292.000	21840.000	1.000	1.000	1.000
860.000	2.000	1.000	1.000	32222.220	0.000	26118.000	39476.000	1.000	1.000	1.000
861.000	2.000	0.000	2.000	70836.585	0.000	56035.000	10000000000.000	1.000	2.000	1.000
862.000	2.000	1.000	1.000	5109.660	0.000	0.000	6000.000	1.000	1.000	1.000
863.000	2.000	1.000	1.000	6381.709	0.000	6283.000	6876.000	1.000	1.000	1.000
864.000	2.000	0.000	2.000	7498.696	0.000	7250.000	8224.000	1.000	2.000	1.000
865.000	2.000	1.000	1.000	9448.094	0.000	8765.000	10410.000	1.000	1.000	1.000
866.000	15.000	1.000	14.000	12559.505	0.000	11292.000	14247.000	1.000	3.000	2.000
867.000	2.000	1.000	1.000	16282.305	0.000	15292.000	21840.000	1.000	1.000	1.000
868.000	4.000	1.000	3.000	34597.836	0.000	26118.000	39476.000	1.000	1.000	2.000
869.000	1.000	0.000	1.000	691475.570	0.000	56035.000	10000000000.000	1.000	1.000	1.000
870.000	2.000	1.000	1.000	4409.770	0.000	0.000	6000.000	1.000	1.000	1.000
871.000	3.000	2.000	1.000	6445.327	0.000	6283.000	6876.000	1.000	1.000	1.000
872.000	2.000	1.000	1.000	7711.815	0.000	7250.000	8224.000	1.000	1.000	1.000
873.000	2.000	1.000	1.000	9113.222	0.000	8765.000	10410.000	1.000	1.000	1.000
874.000	5.000	1.000	4.000	16635.530	0.000	15292.000	21840.000	1.000	1.000	1.000
875.000	3.000	2.000	1.000	35196.744	0.000	26118.000	39476.000	1.000	1.000	1.000
876.000	3.000	0.000	3.000	115544.186	0.000	56035.000	10000000000.000	1.000	3.000	1.000
877.000	2.000	1.000	1.000	4949.783	0.000	0.000	6000.000	1.000	1.000	1.000
878.000	3.000	2.000	1.000	6795.882	0.000	6283.000	6876.000	1.000	1.000	1.000
879.000	3.000	2.000	1.000	7521.366	0.000	7250.000	8224.000	1.000	1.000	1.000
880.000	2.000	1.000	1.000	8789.105	0.000	8765.000	10410.000	1.000	1.000	1.000
881.000	4.000	1.000	3.000	13734.303	0.000	11292.000	14247.000	1.000	1.000	1.000
882.000	2.000	1.000	1.000	19400.134	0.000	15292.000	21840.000	1.000	1.000	1.000
883.000	6.000	4.000	2.000	29026.637	0.000	26118.000	39476.000	1.000	1.000	3.000
884.000	1.000	0.000	1.000	122592.092	0.000	56035.000	10000000000.000	1.000	1.000	1.000
885.000	2.000	1.000	1.000	4850.554	0.000	0.000	6000.000	1.000	1.000	1.000
886.000	2.000	1.000	1.000	6757.199	0.000	6283.000	6876.000	1.000	1.000	1.000
887.000	3.000	1.000	2.000	7532.525	0.000	7250.000	8224.000	1.000	1.000	1.000
888.000	2.000	1.000	1.000	9220.753	0.000	8765.000	10410.000	1.000	1.000	1.000
889.000	2.000	1.000	1.000	13250.263	0.000	11292.000	14247.000	1.000	1.000	1.000
890.000	2.000	1.000	1.000	35095.667	0.000	26118.000	39476.000	1.000	1.000	1.000
891.000	1.000	0.000	1.000	139502.699	0.000	56035.000	10000000000.000	1.000	1.000	1.000
892.000	2.000	1.000	1.000	4896.776	0.000	0.000	6000.000	1.000	1.000	1.000
893.000	21.000	3.000	18.000	6790.370	0.000	6283.000	6876.000	1.000	1.000	3.000
894.000	36.000	33.000	3.000	9002.280	0.000	7250.000	8224.000	0.000	3.000	10.000
895.000	2.000	1.000	1.000	10155.184	0.000	8765.000	10410.000	1.000	1.000	1.000
896.000	3.000	1.000	2.000	14027.694	0.000	11292.000	14247.000	1.000	1.000	1.000
897.000	2.000	1.000	1.000	19819.862	0.000	15292.000	21840.000	1.000	1.000	1.000
898.000	9.000	1.000	8.000	26415.309	0.000	26118.000	39476.000	1.000	2.000	2.000
899.000	1.000	0.000	1.000	412526.729	0.000	56035.000	10000000000.000	1.000	1.000	1.000
900.000	1.000	0.000	1.000	4747.337	0.000	0.000	6000.000	1.000	1.000	1.000
901.000	2.000	1.000	1.000	6683.497	0.000	6283.000	6876.000	1.000	1.000	1.000
902.000	3.000	2.000	1.000	7444.665	0.000	7250.000	8224.000	1.000	1.000	1.000
903.000	7.000	2.000	5.000	9699.878	0.000	8765.000	10410.000	1.000	1.000	3.000
904.000	2.000	1.000	1.000	12334.142	0.000	11292.000	14247.000	1.000	1.000	1.000
905.000	4.000	2.000	2.000	17586.554	0.000	15292.000	21840.000	1.000	1.000	2.000
906.000	1.000	0.000	1.000	160431.314	0.000	56035.000	10000000000.000	1.000	1.000	1.000
907.000	2.000	1.000	1.000	4522.361	0.000	0.000	6000.000	1.000	1.000	1.000
908.000	2.000	1.000	1.000	6615.669	0.000	6283.000	6876.000	1.000	1.000	1.000
909.000	27.000	9.000	18.000	8127.892	0.000	7250.000	8224.000	1.000	3.000	6.000
910.000	2.000	1.000	1.000	9582.509	0.000	8765.000	10410.000	1.000	1.000	1.000
911.000	5.000	4.000	1.000	11453.050	0.000	11292.000	14247.000	1.000	1.000	1.000
912.000	3.000	2.000	1.000	18310.959	0.000	15292.000	21840.000	1.000	1.000	1.000
913.000	7.000	3.000	4.000	35580.024	0.000	26118.000	39476.000	1.000	2.000	3.000
914.000	1.000	0.000	1.000	93392.074	0.000	56035.000	10000000000.000	1.000	1.000	1.000
915.000	2.000	1.000	1.000	4388.534	0.000	0.000	6000.000	1.000	1.000	1.000
916.000	4.000	3.000	1.000	6373.312	0.000	6283.000	6876.000	1.000	1.000	1.000
917.000	5.000	3.000	2.000	7931.781	0.000	7250.000	8224.000	1.000	2.000	1.000
918.000	2.000	1.000	1.000	8943.060	0.000	8765.000	10410.000	1.000	1.000	1.000
919.000	3.000	2.000	1.000	11355.036	0.000	11292.000	14247.000	1.000	1.000	1.000
920.000	2.000	1.000	1.000	21087.786	0.000	15292.000	21840.000	1.000	1.000	1.000
921.000	4.000	0.000	4.000	29154.683	0.000	26118.000	39476.000	1.000	3.000	1.000
922.000	2.000	1.000	1.000	5249.183	0.000	0.000	6000.000	1.000	1.000	1.000
923.000	2.000	1.000	1.000	6590.494	0.000	6283.000	6876.000	1.000	1.000	1.000
924.000	3.000	2.000	1.000	7455.677	0.000	7250.000	8224.000	1.000	1.000	1.000
925.000	3.000	1.000	2.000	9136.075	0.000	8765.000	10410.000	1.000	1.000	1.000
926.000	2.000	1.000	1.000	12287.062	0.000	11292.000	14247.000	1.000	1.000	1.000
927.000	5.000	4.000	1.000	21839.778	0.000	15292.000	21840.000	1.000	1.000	1.000
928.000	4.000	2.000	2.000	31747.007	0.000	26118.000	39476.000	1.000	2.000	1.000
929.000	1.000	0.000	1.000	115238.352	0.000	56035.000	10000000000.000	1.000	1.000	1.000
930.000	2.000	1.000	1.000	5568.484	0.000	0.000	6000.000	1.000	1.000	1.000
931.000	5.000	2.000	3.000	6416.851	0.000	6283.000	6876.000	1.000	1.000	2.000
932.000	2.000	1.000	1.000	7936.860	0.000	7250.000	8224.000	1.000	1.000	1.000
933.000	2.000	1.000	1.000	9686.524	0.000	8765.000	10410.000	1.000	1.000	1.000
934.000	2.000	1.000	1.000	12810.055	0.000	11292.000	14247.000	1.000	1.000	1.000
935.000	2.000	0.000	2.000	16512.496	0.000	15292.000	21840.000	1.000	2.000	1.000
936.000	5.000	3.000	2.000	36507.910	0.000	26118.000	39476.000	1.000	1.000	2.000
937.000	1.000	0.000	1.000	287753.098	0.000	56035.000	10000000000.000	1.000	1.000	1.000
938.000	4.000	2.000	2.000	6381.521	0.000	6283.000	6876.000	1.000	1.000	2.000
939.000	16.000	8.000	8.000	8169.126	0.000	7250.000	8224.000	1.000	3.000	4.000
940.000	2.000	1.000	1.000	9089.606	0.000	8765.000	10410.000	1.000	1.000	1.000
941.000	14.000	5.000	9.000	12176.451	0.000	11292.000	14247.000	1.000	1.000	8.000
942.000	5.000	3.000	2.000	19486.096	0.000	15292.000	21840.000	1.000	2.000	1.000
943.000	5.000	2.000	3.000	39329.308	0.000	26118.000	39476.000	1.000	1.000	3.000
944.000	1.000	0.000	1.000	308965.088	0.000	56035.000	10000000000.000	1.000	1.000	1.000
945.000	2.000	1.000	1.000	5711.688	0.000	0.000	6000.000	1.000	1.000	1.000
946.000	5.000	4.000	1.000	6818.098	0.000	6283.000	6876.000	1.000	1.000	1.000
947.000	2.000	1.000	1.000	8212.969	0.000	7250.000	8224.000	1.000	1.000	1.000
948.000	2.000	1.000	1.000	9432.358	0.000	8765.000	10410.000	1.000	1.000	1.000
949.000	2.000	1.000	1.000	14068.490	0.000	11292.000	14247.000	1.000	1.000	1.000
950.000	7.000	2.000	5.000	15335.213	0.000	15292.000	21840.000	1.000	1.000	3.000
951.000	3.000	0.000	3.000	36123.963	0.000	26118.000	39476.000	1.000	1.000	1.000
952.000	4.000	0.000	4.000	64974.612	0.000	56035.000	10000000000.000	1.000	3.000	1.000
953.000	2.000	1.000	1.000	4343.942	0.000	0.000	6000.000	1.000	1.000	1.000
954.000	2.000	1.000	1.000	8084.556	0.000	7250.000	8224.000	1.000	1.000	1.000
955.000	25.000	0.000	25.000	9531.765	0.000	8765.000	10410.000	1.000	3.000	1.000
956.000	2.000	1.000	1.000	12332.395	0.000	11292.000	14247.000	1.000	1.000	1.000
957.000	2.000	1.000	1.000	15956.698	0.000	15292.000	21840.000	1.000	1.000	1.000
958.000	4.000	3.000	1.000	27319.509	0.000	26118.000	39476.000	1.000	1.000	1.000
959.000	1.000	0.000	1.000	138890.772	0.000	56035.000	10000000000.000	1.000	1.000	1.000
960.000	4.000	2.000	2.000	5634.460	0.000	0.000	6000.000	1.000	2.000	1.000
961.000	4.000	3.000	1.000	6565.226	0.000	6283.000	6876.000	1.000	1.000	1.000
962.000	2.000	1.000	1.000	8141.705	0.000	7250.000	8224.000	1.000	1.000	1.000
963.000	10.000	3.000	7.000	10343.093	0.000	8765.000	10410.000	1.000	1.000	5.000
964.000	4.000	2.000	2.000	13936.874	0.000	11292.000	14247.000	1.000	1.000	2.000
965.000	3.000	2.000	1.000	16960.038	0.000	15292.000	21840.000	1.000	1.000	1.000
966.000	2.000	1.000	1.000	36036.504	0.000	26118.000	39476.000	1.000	1.000	1.000
967.000	2.000	0.000	2.000	61006.167	0.000	56035.000	10000000000.000	1.000	2.000	1.000
968.000	2.000	1.000	1.000	4421.156	0.000	0.000	6000.000	1.000	1.000	1.000
969.000	2.000	1.000	1.000	6630.012	0.000	6283.000	6876.000	1.000	1.000	1.000
970.000	3.000	1.000	2.000	8814.462	0.000	8765.000	10410.000	1.000	1.000	1.000
971.000	2.000	1.000	1.000	12500.410	0.000	11292.000	14247.000	1.000	1.000	1.000
972.000	6.000	4.000	2.000	19382.752	0.000	15292.000	21840.000	1.000	2.000	1.000
973.000	2.000	1.000	1.000	29591.125	0.000	26118.000	39476.000	1.000	1.000	1.000
974.000	3.000	0.000	3.000	63373.862	0.000	56035.000	10000000000.000	1.000	3.000	1.000
975.000	2.000	1.000	1.000	4881.355	0.000	0.000	6000.000	1.000	1.000	1.000
976.000	3.000	2.000	1.000	6663.397	0.000	6283.000	6876.000	1.000	1.000	1.000
977.000	3.000	1.000	2.000	7311.085	0.000	7250.000	8224.000	1.000	1.000	1.000
978.000	3.000	2.000	1.000	9609.609	0.000	8765.000	10410.000	1.000	1.000	1.000
979.000	3.000	1.000	2.000	11431.736	0.000	11292.000	14247.000	1.000	1.000	1.000
980.000	2.000	1.000	1.000	18814.528	0.000	15292.000	21840.000	1.000	1.000	1.000
981.000	4.000	2.000	2.000	29640.230	0.000	26118.000	39476.000	1.000	1.000	2.000
982.000	1.000	0.000	1.000	166521.506	0.000	56035.000	10000000000.000	1.000	1.000	1.000
983.000	6.000	3.000	3.000	5424.426	0.000	0.000	6000.000	1.000	3.000	1.000
984.000	2.000	1.000	1.000	6597.485	0.000	6283.000	6876.000	1.000	1.000	1.000
985.000	4.000	3.000	1.000	7325.031	0.000	7250.000	8224.000	1.000	1.000	1.000
986.000	6.000	4.000	2.000	13679.927	0.000	11292.000	14247.000	1.000	1.000	2.000
987.000	3.000	2.000	1.000	21264.167	0.000	15292.000	21840.000	1.000	1.000	1.000
988.000	1.000	0.000	1.000	27321.866	0.000	26118.000	39476.000	1.000	1.000	1.000
989.000	1.000	0.000	1.000	57170.876	0.000	56035.000	10000000000.000	1.000	1.000	1.000
990.000	2.000	1.000	1.000	5308.377	0.000	0.000	6000.000	1.000	1.000	1.000
991.000	2.000	1.000	1.000	6516.096	0.000	6283.000	6876.000	1.000	1.000	1.000
992.000	3.000	2.000	1.000	7799.282	0.000	7250.000	8224.000	1.000	1.000	1.000
993.000	4.000	2.000	2.000	10217.477	0.000	8765.000	10410.000	1.000	2.000	1.000
994.000	7.000	2.000	5.000	12632.159	0.000	11292.000	14247.000	1.000	1.000	3.000
995.000	2.000	1.000	1.000	16956.322	0.000	15292.000	21840.000	1.000	1.000	1.000
996.000	2.000	1.000	1.000	28452.335	0.000	26118.000	39476.000	1.000	1.000	1.000
997.000	1.000	0.000	1.000	224779.843	0.000	56035.000	10000000000.000	1.000	1.000	1.000
998.000	2.000	1.000	1.000	4362.758	0.000	0.000	6000.000	1.000	1.000	1.000
999.000	2.000	1.000	1.000	6846.633	0.000	6283.000	6876.000	1.000	1.000	1.000
1000.000	5.000	4.000	1.000	7287.542	0.000	7250.000	8224.000	1.000	1.000	1.000
1001.000	2.000	1.000	1.000	9104.694	0.000	8765.000	10410.000	1.000	1.000	1.000
1002.000	6.000	3.000	3.000	17730.423	0.000	15292.000	21840.000	1.000	1.000	4.000
1003.000	5.000	0.000	5.000	34179.547	0.000	26118.000	39476.000	1.000	1.000	1.000
1004.000	5.000	0.000	5.000	99501.885	0.000	56035.000	10000000000.000	1.000	3.000	1.000
1005.000	2.000	1.000	1.000	5035.652	0.000	0.000	6000.000	1.000	1.000	1.000
1006.000	3.000	2.000	1.000	6751.291	0.000	6283.000	6876.000	1.000	1.000	1.000
1007.000	21.000	18.000	3.000	8139.459	0.000	7250.000	8224.000	1.000	3.000	5.000
1008.000	2.000	1.000	1.000	8975.139	0.000	8765.000	10410.000	1.000	1.000	1.000
1009.000	6.000	3.000	3.000	12373.182	0.000	11292.000	14247.000	1.000	1.000	3.000
1010.000	6.000	2.000	4.000	15648.567	0.000	15292.000	21840.000	1.000	1.000	2.000
1011.000	7.000	3.000	4.000	33623.240	0.000	26118.000	39476.000	1.000	2.000	3.000
1012.000	1.000	0.000	1.000	132962.928	0.000	56035.000	10000000000.000	1.000	1.000	1.000
1013.000	2.000	1.000	1.000	4297.446	0.000	0.000	6000.000	1.000	1.000	1.000
1014.000	9.000	8.000	1.000	6754.145	0.000	6283.000	6876.000	1.000	1.000	3.000
1015.000	10.000	7.000	3.000	8050.956	0.000	7250.000	8224.000	1.000	3.000	2.000
1016.000	3.000	1.000	2.000	9193.299	0.000	8765.000	10410.000	1.000	1.000	1.000
1017.000	3.000	1.000	2.000	12672.144	0.000	11292.000	14247.000	1.000	1.000	1.000
1018.000	9.000	5.000	4.000	31111.228	0.000	26118.000	39476.000	1.000	1.000	6.000
1019.000	1.000	0.000	1.000	135339.572	0.000	56035.000	10000000000.000	1.000	1.000	1.000
1020.000	2.000	1.000	1.000	4126.251	0.000	0.000	6000.000	1.000	1.000	1.000
1021.000	4.000	3.000	1.000	6674.685	0.000	6283.000	6876.000	1.000	1.000	1.000
1022.000	3.000	2.000	1.000	7985.263	0.000	7250.000	8224.000	1.000	1.000	1.000
1023.000	2.000	1.000	1.000	9236.304	0.000	8765.000	10410.000	1.000	1.000	1.000
1024.000	13.000	4.000	9.000	12607.924	0.000	11292.000	14247.000	1.000	1.000	7.000
1025.000	2.000	1.000	1.000	17418.740	0.000	15292.000	21840.000	1.000	1.000	1.000
1026.000	3.000	0.000	3.000	31420.516	0.000	26118.000	39476.000	1.000	1.000	1.000
1027.000	1.000	0.000	1.000	109931.634	0.000	56035.000	10000000000.000	1.000	1.000	1.000
1028.000	2.000	1.000	1.000	4521.721	0.000	0.000	6000.000	1.000	1.000	1.000
1029.000	2.000	1.000	1.000	6502.556	0.000	6283.000	6876.000	1.000	1.000	1.000
1030.000	2.000	1.000	1.000	7808.444	0.000	7250.000	8224.000	1.000	1.000	1.000
1031.000	18.000	0.000	18.000	9559.208	0.000	8765.000	10410.000	1.000	3.000	1.000
1032.000	3.000	2.000	1.000	14096.105	0.000	11292.000	14247.000	1.000	1.000	1.000
1033.000	3.000	2.000	1.000	17542.442	0.000	15292.000	21840.000	1.000	1.000	1.000
1034.000	2.000	0.000	2.000	197000.211	0.000	56035.000	10000000000.000	1.000	2.000	1.000
1035.000	2.000	1.000	1.000	4690.937	0.000	0.000	6000.000	1.000	1.000	1.000
1036.000	6.000	5.000	1.000	6473.550	0.000	6283.000	6876.000	1.000	1.000	2.000
1037.000	3.000	2.000	1.000	8001.057	0.000	7250.000	8224.000	1.000	1.000	1.000
1038.000	2.000	1.000	1.000	9668.213	0.000	8765.000	10410.000	1.000	1.000	1.000
1039.000	9.000	6.000	3.000	11755.095	0.000	11292.000	14247.000	1.000	1.000	3.000
1040.000	4.000	3.000	1.000	17141.162	0.000	15292.000	21840.000	1.000	1.000	1.000
1041.000	4.000	2.000	2.000	28610.329	0.000	26118.000	39476.000	1.000	1.000	2.000
1042.000	2.000	0.000	2.000	358698.590	0.000	56035.000	10000000000.000	1.000	2.000	1.000
1043.000	6.000	3.000	3.000	5214.510	0.000	0.000	6000.000	1.000	3.000	1.000
1044.000	3.000	2.000	1.000	6482.430	0.000	6283.000	6876.000	1.000	1.000	1.000
1045.000	2.000	1.000	1.000	7553.189	0.000	7250.000	8224.000	1.000	1.000	1.000
1046.000	3.000	1.000	2.000	9030.125	0.000	8765.000	10410.000	1.000	1.000	1.000
1047.000	2.000	1.000	1.000	12879.642	0.000	11292.000	14247.000	1.000	1.000	1.000
1048.000	36.000	24.000	12.000	28536.256	0.000	15292.000	21840.000	0.000	3.000	10.000
1049.000	8.000	3.000	5.000	26811.832	0.000	26118.000	39476.000	1.000	1.000	5.000
1050.000	2.000	1.000	1.000	4352.579	0.000	0.000	6000.000	1.000	1.000	1.000
1051.000	9.000	8.000	1.000	6748.754	0.000	6283.000	6876.000	1.000	1.000	3.000
1052.000	2.000	1.000	1.000	8165.277	0.000	7250.000	8224.000	1.000	1.000	1.000
1053.000	1.000	0.000	1.000	10078.459	0.000	8765.000	10410.000	1.000	1.000	1.000
1054.000	2.000	1.000	1.000	14044.437	0.000	11292.000	14247.000	1.000	1.000	1.000
1055.000	4.000	3.000	1.000	19060.088	0.000	15292.000	21840.000	1.000	1.000	1.000
800.000	14.000	0.000	14.000	59193.815	0.000	56035.000	10000000000.000	1.000	3.000	3.000
801.000	2.000	1.000	1.000	4380.161	0.000	0.000	6000.000	1.000	1.000	1.000
802.000	3.000	2.000	1.000	6547.861	0.000	6283.000	6876.000	1.000	1.000	1.000
803.000	2.000	1.000	1.000	7787.772	0.000	7250.000	8224.000	1.000	1.000	1.000
804.000	15.000	4.000	11.000	9090.412	0.000	8765.000	10410.000	1.000	1.000	7.000
805.000	2.000	1.000	1.000	12161.570	0.000	11292.000	14247.000	1.000	1.000	1.000
806.000	8.000	3.000	5.000	20741.807	0.000	15292.000	21840.000	1.000	2.000	3.000
807.000	3.000	2.000	1.000	38391.192	0.000	26118.000	39476.000	1.000	1.000	1.000
808.000	8.000	0.000	8.000	59289.541	0.000	56035.000	10000000000.000	1.000	3.000	1.000
809.000	1.000	0.000	1.000	6858.483	0.000	6283.000	6876.000	1.000	1.000	1.000
810.000	2.000	1.000	1.000	7761.376	0.000	7250.000	8224.000	1.000	1.000	1.000
811.000	2.000	1.000	1.000	8924.270	0.000	8765.000	10410.000	1.000	1.000	1.000
812.000	5.000	3.000	2.000	12111.962	0.000	11292.000	14247.000	1.000	2.000	1.000
813.000	4.000	3.000	1.000	15449.697	0.000	15292.000	21840.000	1.000	1.000	1.000
814.000	2.000	1.000	1.000	37735.256	0.000	26118.000	39476.000	1.000	1.000	1.000
815.000	6.000	0.000	6.000	85517.679	0.000	56035.000	10000000000.000	1.000	3.000	1.000
816.000	2.000	1.000	1.000	4240.438	0.000	0.000	6000.000	1.000	1.000	1.000
817.000	3.000	2.000	1.000	6538.887	0.000	6283.000	6876.000	1.000	1.000	1.000
818.000	6.000	4.000	2.000	7311.545	0.000	7250.000	8224.000	1.000	2.000	1.000
819.000	4.000	1.000	3.000	9714.081	0.000	8765.000	10410.000	1.000	1.000	1.000
820.000	2.000	1.000	1.000	12628.861	0.000	11292.000	14247.000	1.000	1.000	1.000
821.000	2.000	1.000	1.000	15510.034	0.000	15292.000	21840.000	1.000	1.000	1.000
822.000	3.000	1.000	2.000	30671.236	0.000	26118.000	39476.000	1.000	1.000	2.000
823.000	1.000	0.000	1.000	113281.856	0.000	56035.000	10000000000.000	1.000	1.000	1.000
824.000	2.000	1.000	1.000	5234.470	0.000	0.000	6000.000	1.000	1.000	1.000
825.000	2.000	1.000	1.000	7680.677	0.000	7250.000	8224.000	1.000	1.000	1.000
826.000	2.000	1.000	1.000	10157.643	0.000	8765.000	10410.000	1.000	1.000	1.000
827.000	2.000	1.000	1.000	13614.210	0.000	11292.000	14247.000	1.000	1.000	1.000
828.000	6.000	1.000	5.000	15781.513	0.000	15292.000	21840.000	1.000	1.000	3.000
829.000	3.000	1.000	2.000	29497.897	0.000	26118.000	39476.000	1.000	1.000	1.000
830.000	1.000	0.000	1.000	86699.127	0.000	56035.000	10000000000.000	1.000	1.000	1.000
831.000	2.000	1.000	1.000	4710.254	0.000	0.000	6000.000	1.000	1.000	1.000
832.000	2.000	1.000	1.000	6376.626	0.000	6283.000	6876.000	1.000	1.000	1.000
833.000	2.000	1.000	1.000	7604.277	0.000	7250.000	8224.000	1.000	1.000	1.000
834.000	2.000	1.000	1.000	9207.931	0.000	8765.000	10410.000	1.000	1.000	1.000
835.000	2.000	1.000	1.000	12826.519	0.000	11292.000	14247.000	1.000	1.000	1.000
836.000	5.000	2.000	3.000	16729.497	0.000	15292.000	21840.000	1.000	1.000	2.000
837.000	3.000	1.000	2.000	27609.048	0.000	26118.000	39476.000	1.000	1.000	1.000
838.000	2.000	0.000	2.000	244779.226	0.000	56035.000	10000000000.000	1.000	2.000	1.000
839.000	4.000	2.000	2.000	5289.505	0.000	0.000	6000.000	1.000	2.000	1.000
840.000	2.000	1.000	1.000	6490.608	0.000	6283.000	6876.000	1.000	1.000	1.000
841.000	2.000	1.000	1.000	10366.798	0.000	8765.000	10410.000	1.000	1.000	1.000
842.000	2.000	1.000	1.000	12059.207	0.000	11292.000	14247.000	1.000	1.000	1.000
843.000	3.000	2.000	1.000	15628.275	0.000	15292.000	21840.000	1.000	1.000	1.000
844.000	8.000	5.000	3.000	36553.505	0.000	26118.000	39476.000	1.000	1.000	4.000
845.000	1.000	0.000	1.000	134022.006	0.000	56035.000	10000000000.000	1.000	1.000	1.000
846.000	2.000	1.000	1.000	3956.493	0.000	0.000	6000.000	1.000	1.000	1.000
847.000	3.000	2.000	1.000	6405.357	0.000	6283.000	6876.000	1.000	1.000	1.000
848.000	2.000	1.000	1.000	7462.594	0.000	7250.000	8224.000	1.000	1.000	1.000
849.000	3.000	2.000	1.000	8850.096	0.000	8765.000	10410.000	1.000	1.000	1.000
850.000	19.000	0.000	19.000	11881.492	0.000	11292.000	14247.000	1.000	3.000	1.000
851.000	17.000	14.000	3.000	17723.656	0.000	15292.000	21840.000	1.000	1.000	6.000
852.000	1.000	0.000	1.000	33712.086	0.000	26118.000	39476.000	1.000	1.000	1.000
853.000	1.000	0.000	1.000	63605.327	0.000	56035.000	10000000000.000	1.000	1.000	1.000
854.000	1.000	0.000	1.000	5442.463	0.000	0.000	6000.000	1.000	1.000	1.000
855.000	2.000	1.000	1.000	6574.298	0.000	6283.000	6876.000	1.000	1.000	1.000
856.000	2.000	1.000	1.000	8037.894	0.000	7250.000	8224.000	1.000	1.000	1.000
857.000	5.000	2.000	3.000	12554.389	0.000	11292.000	14247.000	1.000	1.000	2.000
858.000	9.000	6.000	3.000	20430.459	0.000	15292.000	21840.000	1.000	3.000	1.000
859.000	6.000	3.000	3.000	27655.523	0.000	26118.000	39476.000	1.000	1.000	4.000
860.000	1.000	0.000	1.000	122359.527	0.000	56035.000	10000000000.000	1.000	1.000	1.000
861.000	4.000	2.000	2.000	5957.135	0.000	0.000	6000.000	1.000	2.000	1.000
862.000	2.000	1.000	1.000	6656.724	0.000	6283.000	6876.000	1.000	1.000	1.000
863.000	2.000	1.000	1.000	7326.664	0.000	7250.000	8224.000	1.000	1.000	1.000
864.000	17.000	0.000	17.000	9683.481	0.000	8765.000	10410.000	1.000	3.000	1.000
865.000	13.000	5.000	8.000	11824.776	0.000	11292.000	14247.000	1.000	1.000	6.000
866.000	13.000	0.000	13.000	18353.995	0.000	15292.000	21840.000	1.000	3.000	2.000
867.000	8.000	2.000	6.000	29062.483	0.000	26118.000	39476.000	1.000	1.000	3.000
868.000	1.000	0.000	1.000	297384.176	0.000	56035.000	10000000000.000	1.000	1.000	1.000
869.000	2.000	1.000	1.000	4117.432	0.000	0.000	6000.000	1.000	1.000	1.000
870.000	2.000	1.000	1.000	6727.883	0.000	6283.000	6876.000	1.000	1.000	1.000
871.000	2.000	1.000	1.000	8191.702	0.000	7250.000	8224.000	1.000	1.000	1.000
872.000	13.000	5.000	8.000	8826.592	0.000	8765.000	10410.000	1.000	1.000	7.000
873.000	4.000	1.000	3.000	17700.867	0.000	15292.000	21840.000	1.000	1.000	1.000
874.000	2.000	0.000	2.000	34682.587	0.000	26118.000	39476.000	1.000	2.000	1.000
875.000	1.000	0.000	1.000	447566.574	0.000	56035.000	10000000000.000	1.000	1.000	1.000
876.000	2.000	1.000	1.000	4894.815	0.000	0.000	6000.000	1.000	1.000	1.000
877.000	3.000	2.000	1.000	6770.965	0.000	6283.000	6876.000	1.000	1.000	1.000
878.000	4.000	3.000	1.000	7823.510	0.000	7250.000	8224.000	1.000	1.000	1.000
879.000	2.000	1.000	1.000	9814.650	0.000	8765.000	10410.000	1.000	1.000	1.000
880.000	7.000	2.000	5.000	12076.475	0.000	11292.000	14247.000	1.000	1.000	3.000
881.000	3.000	2.000	1.000	15467.673	0.000	15292.000	21840.000	1.000	1.000	1.000
882.000	7.000	3.000	4.000	27706.341	0.000	26118.000	39476.000	1.000	1.000	5.000
883.000	1.000	0.000	1.000	288133.976	0.000	56035.000	10000000000.000	1.000	1.000	1.000
884.000	2.000	1.000	1.000	4553.644	0.000	0.000	6000.000	1.000	1.000	1.000
885.000	2.000	1.000	1.000	6602.488	0.000	6283.000	6876.000	1.000	1.000	1.000
886.000	4.000	2.000	2.000	7279.500	0.000	7250.000	8224.000	1.000	1.000	2.000
887.000	6.000	2.000	4.000	9774.327	0.000	8765.000	10410.000	1.000	2.000	1.000
888.000	10.000	3.000	7.000	11671.311	0.000	11292.000	14247.000	1.000	1.000	5.000
889.000	4.000	2.000	2.000	30536.246	0.000	26118.000	39476.000	1.000	1.000	2.000
890.000	1.000	0.000	1.000	93164.745	0.000	56035.000	10000000000.000	1.000	1.000	1.000
891.000	2.000	1.000	1.000	5054.998	0.000	0.000	6000.000	1.000	1.000	1.000
892.000	3.000	2.000	1.000	6649.543	0.000	6283.000	6876.000	1.000	1.000	1.000
893.000	7.000	6.000	1.000	7544.158	0.000	7250.000	8224.000	1.000	1.000	2.000
894.000	4.000	3.000	1.000	10332.967	0.000	8765.000	10410.000	1.000	1.000	1.000
895.000	14.000	4.000	10.000	12714.008	0.000	11292.000	14247.000	1.000	1.000	7.000
896.000	2.000	1.000	1.000	19537.469	0.000	15292.000	21840.000	1.000	1.000	1.000
897.000	9.000	5.000	4.000	29533.915	0.000	26118.000	39476.000	1.000	1.000	5.000
898.000	12.000	0.000	12.000	87237.671	0.000	56035.000	10000000000.000	1.000	3.000	2.000
899.000	2.000	1.000	1.000	4600.463	0.000	0.000	6000.000	1.000	1.000	1.000
900.000	35.000	27.000	8.000	7542.704	0.000	6283.000	6876.000	0.000	1.000	10.000
901.000	3.000	1.000	2.000	7347.468	0.000	7250.000	8224.000	1.000	1.000	1.000
902.000	3.000	2.000	1.000	8796.364	0.000	8765.000	10410.000	1.000	1.000	1.000
903.000	3.000	1.000	2.000	12165.011	0.000	11292.000	14247.000	1.000	1.000	1.000
904.000	5.000	2.000	3.000	17474.058	0.000	15292.000	21840.000	1.000	1.000	2.000
905.000	3.000	0.000	3.000	78224.908	0.000	56035.000	10000000000.000	1.000	3.000	1.000
906.000	2.000	1.000	1.000	4186.190	0.000	0.000	6000.000	1.000	1.000	1.000
907.000	7.000	6.000	1.000	6847.885	0.000	6283.000	6876.000	1.000	1.000	2.000
908.000	2.000	1.000	1.000	7973.545	0.000	7250.000	8224.000	1.000	1.000	1.000
909.000	25.000	0.000	25.000	8816.894	0.000	8765.000	10410.000	1.000	3.000	1.000
910.000	2.000	1.000	1.000	13742.160	0.000	11292.000	14247.000	1.000	1.000	1.000
911.000	7.000	4.000	3.000	20968.449	0.000	15292.000	21840.000	1.000	3.000	1.000
912.000	1.000	0.000	1.000	37969.739	0.000	26118.000	39476.000	1.000	1.000	1.000
913.000	2.000	0.000	2.000	179367.792	0.000	56035.000	10000000000.000	1.000	2.000	1.000
914.000	6.000	3.000	3.000	6205.473	0.000	0.000	6000.000	0.000	3.000	10.000
915.000	2.000	1.000	1.000	6755.875	0.000	6283.000	6876.000	1.000	1.000	1.000
916.000	4.000	2.000	2.000	7566.710	0.000	7250.000	8224.000	1.000	1.000	2.000
917.000	5.000	3.000	2.000	9216.702	0.000	8765.000	10410.000	1.000	2.000	1.000
918.000	3.000	1.000	2.000	11727.310	0.000	11292.000	14247.000	1.000	1.000	1.000
919.000	5.000	2.000	3.000	18577.097	0.000	15292.000	21840.000	1.000	1.000	2.000
920.000	2.000	1.000	1.000	36026.067	0.000	26118.000	39476.000	1.000	1.000	1.000
921.000	2.000	1.000	1.000	5810.296	0.000	0.000	6000.000	1.000	1.000	1.000
922.000	2.000	1.000	1.000	6332.846	0.000	6283.000	6876.000	1.000	1.000	1.000
923.000	2.000	1.000	1.000	7684.015	0.000	7250.000	8224.000	1.000	1.000	1.000
924.000	3.000	2.000	1.000	9348.332	0.000	8765.000	10410.000	1.000	1.000	1.000
925.000	2.000	1.000	1.000	11899.190	0.000	11292.000	14247.000	1.000	1.000	1.000
926.000	7.000	2.000	5.000	18112.044	0.000	15292.000	21840.000	1.000	2.000	1.000
927.000	11.000	6.000	5.000	30167.287	0.000	26118.000	39476.000	1.000	1.000	8.000
928.000	2.000	0.000	2.000	178989.865	0.000	56035.000	10000000000.000	1.000	2.000	1.000
929.000	2.000	1.000	1.000	4935.775	0.000	0.000	6000.000	1.000	1.000	1.000
930.000	8.000	5.000	3.000	6682.151	0.000	6283.000	6876.000	1.000	1.000	3.000
931.000	2.000	1.000	1.000	7727.454	0.000	7250.000	8224.000	1.000	1.000	1.000
932.000	2.000	1.000	1.000	10130.904	0.000	8765.000	10410.000	1.000	1.000	1.000
933.000	7.000	2.000	5.000	14007.779	0.000	11292.000	14247.000	1.000	1.000	3.000
934.000	1.000	0.000	1.000	19431.955	0.000	15292.000	21840.000	1.000	1.000	1.000
935.000	7.000	0.000	7.000	35151.630	0.000	26118.000	39476.000	1.000	3.000	1.000
936.000	2.000	0.000	2.000	191729.811	0.000	56035.000	10000000000.000	1.000	2.000	1.000
937.000	9.000	6.000	3.000	6540.274	0.000	6283.000	6876.000	1.000	3.000	1.000
938.000	2.000	1.000	1.000	7600.228	0.000	7250.000	8224.000	1.000	1.000	1.000
939.000	20.000	0.000	20.000	9301.770	0.000	8765.000	10410.000	1.000	3.000	1.000
940.000	3.000	2.000	1.000	11598.669	0.000	11292.000	14247.000	1.000	1.000	1.000
941.000	7.000	3.000	4.000	19382.968	0.000	15292.000	21840.000	1.000	1.000	4.000
942.000	3.000	1.000	2.000	28964.359	0.000	26118.000	39476.000	1.000	1.000	1.000
943.000	1.000	0.000	1.000	228600.922	0.000	56035.000	10000000000.000	1.000	1.000	1.000
944.000	2.000	1.000	1.000	4699.190	0.000	0.000	6000.000	1.000	1.000	1.000
945.000	2.000	1.000	1.000	6794.980	0.000	6283.000	6876.000	1.000	1.000	1.000
946.000	4.000	3.000	1.000	7748.151	0.000	7250.000	8224.000	1.000	1.000	1.000
947.000	2.000	1.000	1.000	10090.050	0.000	8765.000	10410.000	1.000	1.000	1.000
948.000	4.000	1.000	3.000	12166.796	0.000	11292.000	14247.000	1.000	1.000	1.000
949.000	3.000	2.000	1.000	20476.461	0.000	15292.000	21840.000	1.000	1.000	1.000
950.000	1.000	0.000	1.000	34864.506	0.000	26118.000	39476.000	1.000	1.000	1.000
951.000	1.000	0.000	1.000	66999.405	0.000	56035.000	10000000000.000	1.000	1.000	1.000
952.000	2.000	1.000	1.000	4316.925	0.000	0.000	6000.000	1.000	1.000	1.000
953.000	3.000	2.000	1.000	7703.781	0.000	7250.000	8224.000	1.000	1.000	1.000
954.000	4.000	1.000	3.000	9109.623	0.000	8765.000	10410.000	1.000	1.000	1.000
955.000	30.000	0.000	30.000	12088.043	0.000	11292.000	14247.000	1.000	3.000	2.000
956.000	2.000	1.000	1.000	16926.492	0.000	15292.000	21840.000	1.000	1.000	1.000
957.000	3.000	2.000	1.000	31823.295	0.000	26118.000	39476.000	1.000	1.000	1.000
958.000	1.000	0.000	1.000	604051.799	0.000	56035.000	10000000000.000	1.000	1.000	1.000
959.000	2.000	1.000	1.000	4038.978	0.000	0.000	6000.000	1.000	1.000	1.000
960.000	5.000	2.000	3.000	6345.850	0.000	6283.000	6876.000	1.000	1.000	2.000
961.000	3.000	2.000	1.000	8190.642	0.000	7250.000	8224.000	1.000	1.000	1.000
962.000	2.000	1.000	1.000	9733.409	0.000	8765.000	10410.000	1.000	1.000	1.000
963.000	5.000	2.000	3.000	13258.081	0.000	11292.000	14247.000	1.000	1.000	2.000
964.000	4.000	2.000	2.000	16917.612	0.000	15292.000	21840.000	1.000	1.000	2.000
965.000	5.000	2.000	3.000	27128.847	0.000	26118.000	39476.000	1.000	1.000	3.000
966.000	2.000	0.000	2.000	71027.266	0.000	56035.000	10000000000.000	1.000	2.000	1.000
967.000	2.000	1.000	1.000	5448.730	0.000	0.000	6000.000	1.000	1.000	1.000
968.000	3.000	2.000	1.000	6787.472	0.000	6283.000	6876.000	1.000	1.000	1.000
969.000	6.000	5.000	1.000	9642.197	0.000	8765.000	10410.000	1.000	1.000	2.000
970.000	13.000	4.000	9.000	13744.926	0.000	11292.000	14247.000	1.000	1.000	7.000
971.000	4.000	3.000	1.000	16389.649	0.000	15292.000	21840.000	1.000	1.000	1.000
972.000	3.000	1.000	2.000	26413.306	0.000	26118.000	39476.000	1.000	1.000	1.000
973.000	1.000	0.000	1.000	155489.457	0.000	56035.000	10000000000.000	1.000	1.000	1.000
974.000	2.000	1.000	1.000	5614.732	0.000	0.000	6000.000	1.000	1.000	1.000
975.000	2.000	1.000	1.000	6626.543	0.000	6283.000	6876.000	1.000	1.000	1.000
976.000	3.000	2.000	1.000	7965.759	0.000	7250.000	8224.000	1.000	1.000	1.000
977.000	8.000	2.000	6.000	9071.590	0.000	8765.000	10410.000	1.000	1.000	3.000
978.000	2.000	1.000	1.000	11565.316	0.000	11292.000	14247.000	1.000	1.000	1.000
979.000	1.000	0.000	1.000	21154.002	0.000	15292.000	21840.000	1.000	1.000	1.000
980.000	7.000	3.000	4.000	38530.496	0.000	26118.000	39476.000	1.000	1.000	5.000
981.000	1.000	0.000	1.000	234543.006	0.000	56035.000	10000000000.000	1.000	1.000	1.000
982.000	2.000	1.000	1.000	4760.300	0.000	0.000	6000.000	1.000	1.000	1.000
983.000	3.000	2.000	1.000	6630.694	0.000	6283.000	6876.000	1.000	1.000	1.000
984.000	2.000	1.000	1.000	7500.181	0.000	7250.000	8224.000	1.000	1.000	1.000
985.000	3.000	0.000	3.000	11861.058	0.000	11292.000	14247.000	1.000	2.000	1.000
986.000	13.000	7.000	6.000	19647.017	0.000	15292.000	21840.000	1.000	1.000	6.000
987.000	8.000	5.000	3.000	26327.255	0.000	26118.000	39476.000	1.000	1.000	5.000
988.000	3.000	0.000	3.000	241906.071	0.000	56035.000	10000000000.000	1.000	3.000	1.000
989.000	2.000	1.000	1.000	4415.836	0.000	0.000	6000.000	1.000	1.000	1.000
990.000	2.000	1.000	1.000	6597.723	0.000	6283.000	6876.000	1.000	1.000	1.000
991.000	5.000	4.000	1.000	7421.948	0.000	7250.000	8224.000	1.000	1.000	1.000
992.000	2.000	1.000	1.000	9493.677	0.000	8765.000	10410.000	1.000	1.000	1.000
993.000	12.000	9.000	3.000	12115.922	0.000	11292.000	14247.000	1.000	3.000	2.000
994.000	2.000	1.000	1.000	15697.584	0.000	15292.000	21840.000	1.000	1.000	1.000
995.000	3.000	2.000	1.000	39297.358	0.000	26118.000	39476.000	1.000	1.000	1.000
996.000	2.000	0.000	2.000	158158.380	0.000	56035.000	10000000000.000	1.000	2.000	1.000
997.000	2.000	1.000	1.000	4691.505	0.000	0.000	6000.000	1.000	1.000	1.000
998.000	32.000	31.000	1.000	7850.119	0.000	6283.000	6876.000	0.000	1.000	10.000
999.000	3.000	2.000	1.000	7806.921	0.000	7250.000	8224.000	1.000	1.000	1.000
1000.000	2.000	1.000	1.000	9170.184	0.000	8765.000	10410.000	1.000	1.000	1.000
1001.000	2.000	1.000	1.000	18643.423	0.000	15292.000	21840.000	1.000	1.000	1.000
1002.000	3.000	1.000	2.000	36575.769	0.000	26118.000	39476.000	1.000	1.000	1.000
1003.000	3.000	0.000	3.000	60543.806	0.000	56035.000	10000000000.000	1.000	3.000	1.000
1004.000	2.000	1.000	1.000	5385.866	0.000	0.000	6000.000	1.000	1.000	1.000
1005.000	2.000	1.000	1.000	6720.781	0.000	6283.000	6876.000	1.000	1.000	1.000
1006.000	2.000	1.000	1.000	7938.362	0.000	7250.000	8224.000	1.000	1.000	1.000
1007.000	4.000	3.000	1.000	10146.043	0.000	8765.000	10410.000	1.000	1.000	1.000
1008.000	3.000	1.000	2.000	11418.020	0.000	11292.000	14247.000	1.000	1.000	1.000
1009.000	4.000	3.000	1.000	20843.717	0.000	15292.000	21840.000	1.000	1.000	1.000
1010.000	6.000	1.000	5.000	27868.841	0.000	26118.000	39476.000	1.000	1.000	3.000
1011.000	2.000	0.000	2.000	86293.148	0.000	56035.000	10000000000.000	1.000	2.000	1.000
1012.000	4.000	2.000	2.000	4170.790	0.000	0.000	6000.000	1.000	2.000	1.000
1013.000	3.000	2.000	1.000	6798.243	0.000	6283.000	6876.000	1.000	1.000	1.000
1014.000	5.000	4.000	1.000	8043.351	0.000	7250.000	8224.000	1.000	1.000	1.000
1015.000	3.000	2.000	1.000	9833.882	0.000	8765.000	10410.000	1.000	1.000	1.000
1016.000	3.000	2.000	1.000	11343.461	0.000	11292.000	14247.000	1.000	1.000	1.000
1017.000	1.000	0.000	1.000	38859.357	0.000	26118.000	39476.000	1.000	1.000	1.000
1018.000	1.000	0.000	1.000	122484.313	0.000	56035.000	10000000000.000	1.000	1.000	1.000
1019.000	2.000	1.000	1.000	4399.993	0.000	0.000	6000.000	1.000	1.000	1.000
1020.000	4.000	3.000	1.000	6740.017	0.000	6283.000	6876.000	1.000	1.000	1.000
1021.000	3.000	2.000	1.000	7836.466	0.000	7250.000	8224.000	1.000	1.000	1.000
1022.000	2.000	1.000	1.000	9867.593	0.000	8765.000	10410.000	1.000	1.000	1.000
1023.000	4.000	3.000	1.000	12513.614	0.000	11292.000	14247.000	1.000	1.000	1.000
1024.000	2.000	1.000	1.000	18895.675	0.000	15292.000	21840.000	1.000	1.000	1.000
1025.000	5.000	2.000	3.000	37003.603	0.000	26118.000	39476.000	1.000	1.000	3.000
1026.000	1.000	0.000	1.000	186564.024	0.000	56035.000	10000000000.000	1.000	1.000	1.000
1027.000	2.000	1.000	1.000	4682.373	0.000	0.000	6000.000	1.000	1.000	1.000
1028.000	3.000	2.000	1.000	6821.464	0.000	6283.000	6876.000	1.000	1.000	1.000
1029.000	2.000	1.000	1.000	7626.272	0.000	7250.000	8224.000	1.000	1.000	1.000
1030.000	19.000	6.000	13.000	8860.182	0.000	8765.000	10410.000	1.000	1.000	8.000
1031.000	18.000	0.000	18.000	12405.530	0.000	11292.000	14247.000	1.000	3.000	1.000
1032.000	5.000	4.000	1.000	19391.277	0.000	15292.000	21840.000	1.000	1.000	1.000
1033.000	1.000	0.000	1.000	115567.189	0.000	56035.000	10000000000.000	1.000	1.000	1.000
1034.000	2.000	1.000	1.000	4529.413	0.000	0.000	6000.000	1.000	1.000	1.000
1035.000	11.000	8.000	3.000	6769.294	0.000	6283.000	6876.000	1.000	3.000	2.000
1036.000	3.000	2.000	1.000	7985.465	0.000	7250.000	8224.000	1.000	1.000	1.000
1037.000	2.000	1.000	1.000	9145.743	0.000	8765.000	10410.000	1.000	1.000	1.000
1038.000	2.000	1.000	1.000	13262.827	0.000	11292.000	14247.000	1.000	1.000	1.000
1039.000	3.000	2.000	1.000	18144.408	0.000	15292.000	21840.000	1.000	1.000	1.000
1040.000	3.000	2.000	1.000	29634.178	0.000	26118.000	39476.000	1.000	1.000	1.000
1041.000	1.000	0.000	1.000	156193.724	0.000	56035.000	10000000000.000	1.000	1.000	1.000
1042.000	2.000	1.000	1.000	5621.111	0.000	0.000	6000.000	1.000	1.000	1.000
1043.000	2.000	1.000	1.000	6611.236	0.000	6283.000	6876.000	1.000	1.000	1.000
1044.000	2.000	1.000	1.000	7399.683	0.000	7250.000	8224.000	1.000	1.000	1.000
1045.000	3.000	2.000	1.000	9779.514	0.000	8765.000	10410.000	1.000	1.000	1.000
1046.000	2.000	1.000	1.000	14132.137	0.000	11292.000	14247.000	1.000	1.000	1.000
1047.000	2.000	1.000	1.000	19097.188	0.000	15292.000	21840.000	1.000	1.000	1.000
1048.000	9.000	0.000	9.000	27235.979	0.000	26118.000	39476.000	1.000	3.000	1.000
1049.000	4.000	2.000	2.000	4966.433	0.000	0.000	6000.000	1.000	2.000	1.000
1050.000	4.000	3.000	1.000	6359.186	0.000	6283.000	6876.000	1.000	1.000	1.000
1051.000	2.000	0.000	2.000	7287.771	0.000	7250.000	8224.000	1.000	1.000	1.000
1052.000	2.000	1.000	1.000	9569.477	0.000	8765.000	10410.000	1.000	1.000	1.000
1053.000	2.000	0.000	2.000	11980.889	0.000	11292.000	14247.000	1.000	1.000	1.000
1054.000	8.000	7.000	1.000	16643.956	0.000	15292.000	21840.000	1.000	1.000	2.000
1055.000	2.000	1.000	1.000	38238.614	0.000	26118.000	39476.000	1.000	1.000	1.000
