1700.000	2.000	1.000	1.000	4740.359	0.000	0.000	6000.000	1.000	1.000	1.000
1701.000	2.000	1.000	1.000	6390.127	0.000	6283.000	6876.000	1.000	1.000	1.000
1702.000	74.000	71.000	3.000	8077.919	0.000	7250.000	8224.000	1.000	3.000	17.000
1703.000	3.000	2.000	1.000	10025.659	0.000	8765.000	10410.000	1.000	1.000	1.000
1704.000	2.000	1.000	1.000	13444.935	0.000	11292.000	14247.000	1.000	1.000	1.000
1705.000	8.000	4.000	4.000	15737.161	0.000	15292.000	21840.000	1.000	3.000	2.000
1706.000	1.000	0.000	1.000	37870.655	0.000	26118.000	39476.000	1.000	1.000	1.000
1707.000	1.000	0.000	1.000	150445.504	0.000	56035.000	10000000000.000	1.000	1.000	1.000
1708.000	2.000	1.000	1.000	4334.784	0.000	0.000	6000.000	1.000	1.000	1.000
1709.000	2.000	1.000	1.000	6322.397	0.000	6283.000	6876.000	1.000	1.000	1.000
1710.000	64.000	61.000	3.000	8071.629	0.000	7250.000	8224.000	1.000	3.000	15.000
1711.000	3.000	2.000	1.000	10390.922	0.000	8765.000	10410.000	1.000	1.000	1.000
1712.000	2.000	1.000	1.000	13333.145	0.000	11292.000	14247.000	1.000	1.000	1.000
1713.000	6.000	4.000	2.000	20144.851	0.000	15292.000	21840.000	1.000	1.000	3.000
1714.000	3.000	2.000	1.000	26820.503	0.000	26118.000	39476.000	1.000	1.000	1.000
1715.000	1.000	0.000	1.000	292735.206	0.000	56035.000	10000000000.000	1.000	1.000	1.000
1716.000	6.000	3.000	3.000	6527.196	0.000	6283.000	6876.000	1.000	3.000	1.000
1717.000	2.000	1.000	1.000	8042.311	0.000	7250.000	8224.000	1.000	1.000	1.000
1718.000	10.000	7.000	3.000	9711.914	0.000	8765.000	10410.000	1.000	3.000	1.000
1719.000	2.000	1.000	1.000	14087.609	0.000	11292.000	14247.000	1.000	1.000	1.000
1720.000	10.000	5.000	5.000	15337.104	0.000	15292.000	21840.000	1.000	1.000	8.000
1721.000	6.000	3.000	3.000	37923.022	0.000	26118.000	39476.000	1.000	1.000	4.000
1722.000	1.000	0.000	1.000	82401.912	0.000	56035.000	10000000000.000	1.000	1.000	1.000
1723.000	2.000	1.000	1.000	5204.326	0.000	0.000	6000.000	1.000	1.000	1.000
1724.000	8.000	5.000	3.000	6789.166	0.000	6283.000	6876.000	1.000	3.000	1.000
1725.000	4.000	2.000	2.000	7352.152	0.000	7250.000	8224.000	1.000	1.000	2.000
1726.000	2.000	1.000	1.000	9426.257	0.000	8765.000	10410.000	1.000	1.000	1.000
1727.000	4.000	2.000	2.000	12905.412	0.000	11292.000	14247.000	1.000	2.000	1.000
1728.000	2.000	1.000	1.000	15973.896	0.000	15292.000	21840.000	1.000	1.000	1.000
1729.000	12.000	8.000	4.000	35912.771	0.000	26118.000	39476.000	1.000	2.000	5.000
1730.000	38.000	0.000	38.000	75128.647	0.000	56035.000	10000000000.000	1.000	3.000	1.000
1731.000	2.000	1.000	1.000	5626.242	0.000	0.000	6000.000	1.000	1.000	1.000
1732.000	2.000	1.000	1.000	8150.793	0.000	7250.000	8224.000	1.000	1.000	1.000
1733.000	8.000	5.000	3.000	10041.325	0.000	8765.000	10410.000	1.000	3.000	1.000
1734.000	11.000	8.000	3.000	13143.013	0.000	11292.000	14247.000	1.000	3.000	2.000
1735.000	2.000	1.000	1.000	17751.568	0.000	15292.000	21840.000	1.000	1.000	1.000
1736.000	3.000	2.000	1.000	28657.173	0.000	26118.000	39476.000	1.000	1.000	1.000
1737.000	1.000	0.000	1.000	303261.947	0.000	56035.000	10000000000.000	1.000	1.000	1.000
1738.000	2.000	1.000	1.000	5619.678	0.000	0.000	6000.000	1.000	1.000	1.000
1739.000	5.000	3.000	2.000	6565.066	0.000	6283.000	6876.000	1.000	2.000	1.000
1740.000	3.000	2.000	1.000	7873.472	0.000	7250.000	8224.000	1.000	1.000	1.000
1741.000	5.000	3.000	2.000	9530.878	0.000	8765.000	10410.000	1.000	1.000	3.000
1742.000	3.000	2.000	1.000	14039.455	0.000	11292.000	14247.000	1.000	1.000	1.000
1743.000	10.000	7.000	3.000	18599.120	0.000	15292.000	21840.000	1.000	3.000	1.000
1744.000	2.000	1.000	1.000	27297.027	0.000	26118.000	39476.000	1.000	1.000	1.000
1745.000	1.000	0.000	1.000	94075.683	0.000	56035.000	10000000000.000	1.000	1.000	1.000
1746.000	7.000	4.000	3.000	5832.265	0.000	0.000	6000.000	1.000	3.000	1.000
1747.000	7.000	5.000	2.000	6704.842	0.000	6283.000	6876.000	1.000	2.000	1.000
1748.000	4.000	2.000	2.000	10292.873	0.000	8765.000	10410.000	1.000	2.000	1.000
1749.000	7.000	4.000	3.000	11465.492	0.000	11292.000	14247.000	1.000	2.000	3.000
1750.000	1.000	0.000	1.000	20283.755	0.000	15292.000	21840.000	1.000	1.000	1.000
1751.000	7.000	4.000	3.000	33083.181	0.000	26118.000	39476.000	1.000	1.000	5.000
1752.000	1.000	0.000	1.000	244985.835	0.000	56035.000	10000000000.000	1.000	1.000	1.000
1753.000	2.000	1.000	1.000	5764.283	0.000	0.000	6000.000	1.000	1.000	1.000
1754.000	11.000	8.000	3.000	6846.956	0.000	6283.000	6876.000	1.000	3.000	2.000
1755.000	12.000	6.000	6.000	7258.489	0.000	7250.000	8224.000	1.000	1.000	10.000
1756.000	2.000	1.000	1.000	10111.639	0.000	8765.000	10410.000	1.000	1.000	1.000
1757.000	7.000	4.000	3.000	12730.458	0.000	11292.000	14247.000	1.000	3.000	1.000
1758.000	4.000	2.000	2.000	16543.162	0.000	15292.000	21840.000	1.000	2.000	1.000
1759.000	4.000	2.000	2.000	31081.798	0.000	26118.000	39476.000	1.000	2.000	1.000
1760.000	1.000	0.000	1.000	477969.398	0.000	56035.000	10000000000.000	1.000	1.000	1.000
1761.000	2.000	1.000	1.000	4859.338	0.000	0.000	6000.000	1.000	1.000	1.000
1762.000	9.000	6.000	3.000	6833.562	0.000	6283.000	6876.000	1.000	3.000	1.000
1763.000	12.000	6.000	6.000	7297.712	0.000	7250.000	8224.000	1.000	1.000	10.000
1764.000	10.000	7.000	3.000	12838.433	0.000	11292.000	14247.000	1.000	3.000	1.000
1765.000	2.000	1.000	1.000	16875.235	0.000	15292.000	21840.000	1.000	1.000	1.000
1766.000	2.000	1.000	1.000	26451.218	0.000	26118.000	39476.000	1.000	1.000	1.000
1767.000	2.000	0.000	2.000	110651.077	0.000	56035.000	10000000000.000	1.000	2.000	1.000
1768.000	1.000	0.000	1.000	4809.077	0.000	0.000	6000.000	1.000	1.000	1.000
1769.000	2.000	1.000	1.000	6779.440	0.000	6283.000	6876.000	1.000	1.000	1.000
1770.000	4.000	3.000	1.000	7536.127	0.000	7250.000	8224.000	1.000	1.000	1.000
1771.000	7.000	5.000	2.000	9442.817	0.000	8765.000	10410.000	1.000	1.000	3.000
1772.000	9.000	5.000	4.000	12632.159	0.000	11292.000	14247.000	1.000	3.000	2.000
1773.000	7.000	4.000	3.000	17980.766	0.000	15292.000	21840.000	1.000	1.000	4.000
1774.000	3.000	0.000	3.000	28661.654	0.000	26118.000	39476.000	1.000	3.000	1.000
1775.000	1.000	0.000	1.000	62775.338	0.000	56035.000	10000000000.000	1.000	1.000	1.000
1776.000	2.000	1.000	1.000	5813.486	0.000	0.000	6000.000	1.000	1.000	1.000
1777.000	86.000	83.000	3.000	13623.902	0.000	6283.000	6876.000	0.000	3.000	20.000
1778.000	86.000	83.000	3.000	11627.982	0.000	7250.000	8224.000	0.000	3.000	20.000
1779.000	40.000	37.000	3.000	9192.232	0.000	8765.000	10410.000	1.000	3.000	9.000
1780.000	4.000	0.000	4.000	20766.541	0.000	15292.000	21840.000	1.000	1.000	1.000
1781.000	2.000	1.000	1.000	37557.843	0.000	26118.000	39476.000	1.000	1.000	1.000
1782.000	1.000	0.000	1.000	158619.357	0.000	56035.000	10000000000.000	1.000	1.000	1.000
1783.000	2.000	1.000	1.000	4576.399	0.000	0.000	6000.000	1.000	1.000	1.000
1784.000	2.000	1.000	1.000	6610.345	0.000	6283.000	6876.000	1.000	1.000	1.000
1785.000	13.000	10.000	3.000	8006.557	0.000	7250.000	8224.000	1.000	3.000	2.000
1786.000	16.000	8.000	8.000	9257.983	0.000	8765.000	10410.000	1.000	1.000	14.000
1787.000	7.000	4.000	3.000	12273.682	0.000	11292.000	14247.000	1.000	3.000	1.000
1788.000	3.000	2.000	1.000	19280.392	0.000	15292.000	21840.000	1.000	1.000	1.000
1789.000	1003.000	0.000	1003.000	3982.711	0.000	26118.000	39476.000	0.000	3.000	20.000
1790.000	1.000	0.000	1.000	324540.011	0.000	56035.000	10000000000.000	1.000	1.000	1.000
1791.000	2.000	1.000	1.000	4970.246	0.000	0.000	6000.000	1.000	1.000	1.000
1792.000	3.000	2.000	1.000	6732.486	0.000	6283.000	6876.000	1.000	1.000	1.000
1793.000	6.000	3.000	3.000	7461.331	0.000	7250.000	8224.000	1.000	1.000	4.000
1794.000	2.000	1.000	1.000	9177.143	0.000	8765.000	10410.000	1.000	1.000	1.000
1795.000	14.000	7.000	7.000	12247.054	0.000	11292.000	14247.000	1.000	1.000	12.000
1796.000	7.000	4.000	3.000	30863.114	0.000	26118.000	39476.000	1.000	1.000	4.000
1797.000	38.000	0.000	38.000	60024.198	0.000	56035.000	10000000000.000	1.000	3.000	1.000
1798.000	6.000	3.000	3.000	5436.644	0.000	0.000	6000.000	1.000	3.000	1.000
1799.000	2.000	1.000	1.000	6828.552	0.000	6283.000	6876.000	1.000	1.000	1.000
1800.000	2.000	1.000	1.000	7676.090	0.000	7250.000	8224.000	1.000	1.000	1.000
1801.000	2.000	1.000	1.000	8855.969	0.000	8765.000	10410.000	1.000	1.000	1.000
1802.000	2.000	1.000	1.000	11927.061	0.000	11292.000	14247.000	1.000	1.000	1.000
1803.000	5.000	3.000	2.000	19010.776	0.000	15292.000	21840.000	1.000	1.000	2.000
1804.000	3.000	2.000	1.000	37958.152	0.000	26118.000	39476.000	1.000	1.000	1.000
1805.000	1.000	0.000	1.000	146997.715	0.000	56035.000	10000000000.000	1.000	1.000	1.000
1806.000	2.000	1.000	1.000	5060.197	0.000	0.000	6000.000	1.000	1.000	1.000
1807.000	2.000	1.000	1.000	6714.614	0.000	6283.000	6876.000	1.000	1.000	1.000
1808.000	30.000	26.000	4.000	7363.296	0.000	7250.000	8224.000	1.000	3.000	7.000
1809.000	22.000	11.000	11.000	7786.466	0.000	8765.000	10410.000	0.000	1.000	20.000
1810.000	4.000	2.000	2.000	12275.413	0.000	11292.000	14247.000	1.000	2.000	1.000
1811.000	5.000	3.000	2.000	18028.045	0.000	15292.000	21840.000	1.000	2.000	1.000
1812.000	10.000	0.000	10.000	59938.462	0.000	56035.000	10000000000.000	1.000	3.000	1.000
1813.000	6.000	3.000	3.000	5717.585	0.000	0.000	6000.000	1.000	3.000	1.000
1814.000	3.000	2.000	1.000	6299.755	0.000	6283.000	6876.000	1.000	1.000	1.000
1815.000	15.000	12.000	3.000	8078.181	0.000	7250.000	8224.000	1.000	3.000	3.000
1816.000	7.000	4.000	3.000	9681.624	0.000	8765.000	10410.000	1.000	3.000	1.000
1817.000	3.000	2.000	1.000	14106.667	0.000	11292.000	14247.000	1.000	1.000	1.000
1818.000	2.000	1.000	1.000	17864.653	0.000	15292.000	21840.000	1.000	1.000	1.000
1819.000	2.000	1.000	1.000	32202.557	0.000	26118.000	39476.000	1.000	1.000	1.000
1820.000	1.000	0.000	1.000	733255.229	0.000	56035.000	10000000000.000	1.000	1.000	1.000
1821.000	2.000	1.000	1.000	4900.214	0.000	0.000	6000.000	1.000	1.000	1.000
1822.000	23.000	20.000	3.000	6871.771	0.000	6283.000	6876.000	1.000	3.000	5.000
1823.000	2.000	1.000	1.000	8186.696	0.000	7250.000	8224.000	1.000	1.000	1.000
1824.000	9.000	6.000	3.000	8860.430	0.000	8765.000	10410.000	1.000	1.000	5.000
1825.000	4.000	2.000	2.000	11776.797	0.000	11292.000	14247.000	1.000	1.000	2.000
1826.000	4.000	2.000	2.000	16330.094	0.000	15292.000	21840.000	1.000	2.000	1.000
1827.000	6.000	4.000	2.000	27817.647	0.000	26118.000	39476.000	1.000	2.000	1.000
1828.000	2.000	1.000	1.000	4629.557	0.000	0.000	6000.000	1.000	1.000	1.000
1829.000	2.000	1.000	1.000	6628.624	0.000	6283.000	6876.000	1.000	1.000	1.000
1830.000	2.000	1.000	1.000	7333.174	0.000	7250.000	8224.000	1.000	1.000	1.000
1831.000	11.000	8.000	3.000	9726.695	0.000	8765.000	10410.000	1.000	3.000	2.000
1832.000	22.000	11.000	11.000	11301.610	0.000	11292.000	14247.000	1.000	2.000	18.000
1833.000	3.000	0.000	3.000	17846.803	0.000	15292.000	21840.000	1.000	1.000	1.000
1834.000	2.000	1.000	1.000	31753.375	0.000	26118.000	39476.000	1.000	1.000	1.000
1835.000	1.000	0.000	1.000	233348.763	0.000	56035.000	10000000000.000	1.000	1.000	1.000
1836.000	2.000	1.000	1.000	5511.499	0.000	0.000	6000.000	1.000	1.000	1.000
1837.000	10.000	7.000	3.000	6730.340	0.000	6283.000	6876.000	1.000	3.000	1.000
1838.000	4.000	2.000	2.000	7880.437	0.000	7250.000	8224.000	1.000	2.000	1.000
1839.000	3.000	2.000	1.000	9258.426	0.000	8765.000	10410.000	1.000	1.000	1.000
1840.000	2.000	1.000	1.000	12988.865	0.000	11292.000	14247.000	1.000	1.000	1.000
1841.000	12.000	9.000	3.000	18615.622	0.000	15292.000	21840.000	1.000	3.000	2.000
1842.000	12.000	8.000	4.000	29952.222	0.000	26118.000	39476.000	1.000	3.000	3.000
1843.000	36.000	0.000	36.000	73206.887	0.000	56035.000	10000000000.000	1.000	3.000	1.000
1844.000	10.000	7.000	3.000	6866.434	0.000	6283.000	6876.000	1.000	3.000	1.000
1845.000	24.000	0.000	24.000	7626.356	0.000	7250.000	8224.000	1.000	3.000	1.000
1846.000	2.000	1.000	1.000	9063.634	0.000	8765.000	10410.000	1.000	1.000	1.000
1847.000	2.000	1.000	1.000	13700.537	0.000	11292.000	14247.000	1.000	1.000	1.000
1848.000	8.000	4.000	4.000	21660.360	0.000	15292.000	21840.000	1.000	1.000	5.000
1849.000	11.000	8.000	3.000	32995.426	0.000	26118.000	39476.000	1.000	1.000	5.000
1850.000	1.000	0.000	1.000	172441.024	0.000	56035.000	10000000000.000	1.000	1.000	1.000
1851.000	2.000	1.000	1.000	5576.722	0.000	0.000	6000.000	1.000	1.000	1.000
1852.000	10.000	7.000	3.000	6666.994	0.000	6283.000	6876.000	1.000	3.000	1.000
1853.000	22.000	11.000	11.000	7566.283	0.000	7250.000	8224.000	1.000	1.000	20.000
1854.000	24.000	21.000	3.000	10018.191	0.000	8765.000	10410.000	1.000	3.000	5.000
1855.000	7.000	4.000	3.000	11596.545	0.000	11292.000	14247.000	1.000	3.000	1.000
1856.000	2.000	0.000	2.000	17061.645	0.000	15292.000	21840.000	1.000	2.000	1.000
1857.000	9.000	6.000	3.000	35784.001	0.000	26118.000	39476.000	1.000	3.000	1.000
1858.000	1.000	0.000	1.000	176934.914	0.000	56035.000	10000000000.000	1.000	1.000	1.000
1859.000	2.000	1.000	1.000	4787.665	0.000	0.000	6000.000	1.000	1.000	1.000
1860.000	3.000	2.000	1.000	7426.442	0.000	7250.000	8224.000	1.000	1.000	1.000
1861.000	7.000	4.000	3.000	9299.262	0.000	8765.000	10410.000	1.000	3.000	1.000
1862.000	2.000	1.000	1.000	12651.707	0.000	11292.000	14247.000	1.000	1.000	1.000
1863.000	4.000	2.000	2.000	21267.802	0.000	15292.000	21840.000	1.000	1.000	2.000
1864.000	2.000	1.000	1.000	28933.080	0.000	26118.000	39476.000	1.000	1.000	1.000
1865.000	1.000	0.000	1.000	66822.019	0.000	56035.000	10000000000.000	1.000	1.000	1.000
1866.000	2.000	1.000	1.000	4577.463	0.000	0.000	6000.000	1.000	1.000	1.000
1867.000	16.000	13.000	3.000	6329.946	0.000	6283.000	6876.000	1.000	3.000	3.000
1868.000	2.000	1.000	1.000	7636.070	0.000	7250.000	8224.000	1.000	1.000	1.000
1869.000	10.000	6.000	4.000	9002.978	0.000	8765.000	10410.000	1.000	2.000	5.000
1870.000	2.000	1.000	1.000	14210.090	0.000	11292.000	14247.000	1.000	1.000	1.000
1871.000	4.000	2.000	2.000	16880.797	0.000	15292.000	21840.000	1.000	2.000	1.000
1872.000	9.000	5.000	4.000	36952.566	0.000	26118.000	39476.000	1.000	1.000	6.000
1873.000	1.000	0.000	1.000	360145.105	0.000	56035.000	10000000000.000	1.000	1.000	1.000
1874.000	2.000	1.000	1.000	5976.639	0.000	0.000	6000.000	1.000	1.000	1.000
1875.000	5.000	3.000	2.000	6620.623	0.000	6283.000	6876.000	1.000	2.000	1.000
1876.000	2.000	1.000	1.000	9488.659	0.000	8765.000	10410.000	1.000	1.000	1.000
1877.000	2.000	1.000	1.000	12800.498	0.000	11292.000	14247.000	1.000	1.000	1.000
1878.000	6.000	3.000	3.000	16569.369	0.000	15292.000	21840.000	1.000	1.000	4.000
1879.000	6.000	4.000	2.000	36498.346	0.000	26118.000	39476.000	1.000	1.000	3.000
1880.000	1.000	0.000	1.000	259554.629	0.000	56035.000	10000000000.000	1.000	1.000	1.000
1881.000	2.000	1.000	1.000	5574.509	0.000	0.000	6000.000	1.000	1.000	1.000
1882.000	2.000	1.000	1.000	6338.101	0.000	6283.000	6876.000	1.000	1.000	1.000
1883.000	4.000	2.000	2.000	7256.931	0.000	7250.000	8224.000	1.000	1.000	2.000
1884.000	2.000	1.000	1.000	8971.764	0.000	8765.000	10410.000	1.000	1.000	1.000
1885.000	2.000	1.000	1.000	13136.916	0.000	11292.000	14247.000	1.000	1.000	1.000
1886.000	2.000	1.000	1.000	18548.703	0.000	15292.000	21840.000	1.000	1.000	1.000
1887.000	4.000	2.000	2.000	35549.519	0.000	26118.000	39476.000	1.000	2.000	1.000
1888.000	2.000	0.000	2.000	72208.232	0.000	56035.000	10000000000.000	1.000	2.000	1.000
1889.000	2.000	1.000	1.000	4702.654	0.000	0.000	6000.000	1.000	1.000	1.000
1890.000	81.000	78.000	3.000	6853.477	0.000	6283.000	6876.000	1.000	3.000	19.000
1891.000	8.000	4.000	4.000	7284.494	0.000	7250.000	8224.000	1.000	1.000	6.000
1892.000	2.000	1.000	1.000	12383.344	0.000	11292.000	14247.000	1.000	1.000	1.000
1893.000	2.000	1.000	1.000	18978.249	0.000	15292.000	21840.000	1.000	1.000	1.000
1894.000	2.000	1.000	1.000	36498.346	0.000	26118.000	39476.000	1.000	1.000	1.000
1895.000	1.000	0.000	1.000	104565.252	0.000	56035.000	10000000000.000	1.000	1.000	1.000
1896.000	2.000	1.000	1.000	4847.853	0.000	0.000	6000.000	1.000	1.000	1.000
1897.000	9.000	6.000	3.000	6653.862	0.000	6283.000	6876.000	1.000	3.000	1.000
1898.000	2.000	1.000	1.000	7629.964	0.000	7250.000	8224.000	1.000	1.000	1.000
1899.000	4.000	2.000	2.000	9010.478	0.000	8765.000	10410.000	1.000	2.000	1.000
1900.000	2.000	1.000	1.000	13457.715	0.000	11292.000	14247.000	1.000	1.000	1.000
1901.000	2.000	1.000	1.000	20940.965	0.000	15292.000	21840.000	1.000	1.000	1.000
1902.000	5.000	3.000	2.000	32564.762	0.000	26118.000	39476.000	1.000	1.000	2.000
1903.000	1.000	0.000	1.000	2288408.860	0.000	56035.000	10000000000.000	1.000	1.000	1.000
1904.000	6.000	3.000	3.000	4921.415	0.000	0.000	6000.000	1.000	3.000	1.000
1905.000	2.000	1.000	1.000	6788.610	0.000	6283.000	6876.000	1.000	1.000	1.000
1906.000	7.000	4.000	3.000	8060.551	0.000	7250.000	8224.000	1.000	3.000	1.000
1907.000	2.000	1.000	1.000	9172.140	0.000	8765.000	10410.000	1.000	1.000	1.000
1908.000	18.000	10.000	8.000	18142.328	0.000	15292.000	21840.000	1.000	3.000	10.000
1909.000	6.000	4.000	2.000	34562.131	0.000	26118.000	39476.000	1.000	1.000	2.000
1910.000	1.000	0.000	1.000	56544.379	0.000	56035.000	10000000000.000	1.000	1.000	1.000
1911.000	2.000	1.000	1.000	5403.824	0.000	0.000	6000.000	1.000	1.000	1.000
1912.000	3.000	2.000	1.000	6391.898	0.000	6283.000	6876.000	1.000	1.000	1.000
1913.000	5.000	3.000	2.000	7549.162	0.000	7250.000	8224.000	1.000	2.000	1.000
1914.000	2.000	1.000	1.000	9800.042	0.000	8765.000	10410.000	1.000	1.000	1.000
1915.000	6.000	3.000	3.000	11683.565	0.000	11292.000	14247.000	1.000	3.000	1.000
1916.000	2.000	1.000	1.000	19919.157	0.000	15292.000	21840.000	1.000	1.000	1.000
1917.000	1.000	0.000	1.000	36583.452	0.000	26118.000	39476.000	1.000	1.000	1.000
1918.000	1.000	0.000	1.000	75452.526	0.000	56035.000	10000000000.000	1.000	1.000	1.000
1919.000	2.000	1.000	1.000	5427.029	0.000	0.000	6000.000	1.000	1.000	1.000
1920.000	8.000	5.000	3.000	6743.644	0.000	6283.000	6876.000	1.000	3.000	1.000
1921.000	13.000	10.000	3.000	8003.263	0.000	7250.000	8224.000	1.000	3.000	2.000
1922.000	2.000	1.000	1.000	10055.530	0.000	8765.000	10410.000	1.000	1.000	1.000
1923.000	20.000	10.000	10.000	11553.653	0.000	11292.000	14247.000	1.000	1.000	18.000
1924.000	2.000	1.000	1.000	33154.668	0.000	26118.000	39476.000	1.000	1.000	1.000
1925.000	1.000	0.000	1.000	110724.948	0.000	56035.000	10000000000.000	1.000	1.000	1.000
1926.000	2.000	1.000	1.000	4726.271	0.000	0.000	6000.000	1.000	1.000	1.000
1927.000	2.000	1.000	1.000	6630.277	0.000	6283.000	6876.000	1.000	1.000	1.000
1928.000	4.000	2.000	2.000	7506.065	0.000	7250.000	8224.000	1.000	2.000	1.000
1929.000	4.000	2.000	2.000	10091.278	0.000	8765.000	10410.000	1.000	2.000	1.000
1930.000	6.000	3.000	3.000	13680.142	0.000	11292.000	14247.000	1.000	3.000	1.000
1931.000	4.000	2.000	2.000	16863.878	0.000	15292.000	21840.000	1.000	2.000	1.000
1932.000	15.000	7.000	8.000	32221.623	0.000	26118.000	39476.000	1.000	1.000	13.000
1933.000	1.000	0.000	1.000	802895.840	0.000	56035.000	10000000000.000	1.000	1.000	1.000
1934.000	2.000	1.000	1.000	5217.627	0.000	0.000	6000.000	1.000	1.000	1.000
1935.000	7.000	3.000	4.000	6667.606	0.000	6283.000	6876.000	1.000	1.000	5.000
1936.000	22.000	11.000	11.000	6752.915	0.000	7250.000	8224.000	0.000	1.000	20.000
1937.000	9.000	6.000	3.000	9687.845	0.000	8765.000	10410.000	1.000	3.000	1.000
1938.000	4.000	2.000	2.000	13907.991	0.000	11292.000	14247.000	1.000	2.000	1.000
1939.000	5.000	3.000	2.000	17301.582	0.000	15292.000	21840.000	1.000	2.000	1.000
1940.000	53.000	0.000	53.000	67684.255	0.000	56035.000	10000000000.000	1.000	3.000	1.000
1941.000	2.000	1.000	1.000	5714.968	0.000	0.000	6000.000	1.000	1.000	1.000
1942.000	2.000	1.000	1.000	6677.449	0.000	6283.000	6876.000	1.000	1.000	1.000
1943.000	4.000	2.000	2.000	7374.396	0.000	7250.000	8224.000	1.000	1.000	2.000
1944.000	5.000	4.000	1.000	9737.545	0.000	8765.000	10410.000	1.000	1.000	1.000
1945.000	86.000	83.000	3.000	32050.244	0.000	11292.000	14247.000	0.000	3.000	20.000
1946.000	2.000	1.000	1.000	15920.448	0.000	15292.000	21840.000	1.000	1.000	1.000
1947.000	8.000	0.000	8.000	26696.131	0.000	26118.000	39476.000	1.000	1.000	1.000
1948.000	1.000	0.000	1.000	191687.603	0.000	56035.000	10000000000.000	1.000	1.000	1.000
1949.000	2.000	1.000	1.000	4824.104	0.000	0.000	6000.000	1.000	1.000	1.000
1950.000	2.000	1.000	1.000	6543.653	0.000	6283.000	6876.000	1.000	1.000	1.000
1951.000	23.000	20.000	3.000	8072.957	0.000	7250.000	8224.000	1.000	3.000	5.000
1952.000	2.000	1.000	1.000	9438.237	0.000	8765.000	10410.000	1.000	1.000	1.000
1953.000	24.000	12.000	12.000	8872.574	0.000	11292.000	14247.000	0.000	2.000	20.000
1954.000	6.000	3.000	3.000	21375.484	0.000	15292.000	21840.000	1.000	3.000	1.000
1955.000	2.000	1.000	1.000	28977.131	0.000	26118.000	39476.000	1.000	1.000	1.000
1700.000	6.000	3.000	3.000	6479.765	0.000	6283.000	6876.000	1.000	1.000	4.000
1701.000	12.000	6.000	6.000	7287.390	0.000	7250.000	8224.000	1.000	1.000	10.000
1702.000	2.000	1.000	1.000	9749.484	0.000	8765.000	10410.000	1.000	1.000	1.000
1703.000	2.000	1.000	1.000	12359.703	0.000	11292.000	14247.000	1.000	1.000	1.000
1704.000	4.000	3.000	1.000	17119.173	0.000	15292.000	21840.000	1.000	1.000	1.000
1705.000	4.000	2.000	2.000	34078.550	0.000	26118.000	39476.000	1.000	2.000	1.000
1706.000	1.000	0.000	1.000	80908.847	0.000	56035.000	10000000000.000	1.000	1.000	1.000
1707.000	4.000	2.000	2.000	5687.336	0.000	0.000	6000.000	1.000	2.000	1.000
1708.000	3.000	2.000	1.000	6342.557	0.000	6283.000	6876.000	1.000	1.000	1.000
1709.000	2.000	1.000	1.000	8077.357	0.000	7250.000	8224.000	1.000	1.000	1.000
1710.000	37.000	34.000	3.000	9834.354	0.000	8765.000	10410.000	1.000	3.000	8.000
1711.000	4.000	2.000	2.000	13531.172	0.000	11292.000	14247.000	1.000	2.000	1.000
1712.000	2.000	1.000	1.000	21496.594	0.000	15292.000	21840.000	1.000	1.000	1.000
1713.000	10.000	6.000	4.000	26154.074	0.000	26118.000	39476.000	1.000	2.000	5.000
1714.000	1.000	0.000	1.000	606259.820	0.000	56035.000	10000000000.000	1.000	1.000	1.000
1715.000	8.000	5.000	3.000	6433.077	0.000	6283.000	6876.000	1.000	3.000	1.000
1716.000	4.000	3.000	1.000	7832.483	0.000	7250.000	8224.000	1.000	1.000	1.000
1717.000	2.000	1.000	1.000	10340.176	0.000	8765.000	10410.000	1.000	1.000	1.000
1718.000	3.000	2.000	1.000	11428.810	0.000	11292.000	14247.000	1.000	1.000	1.000
1719.000	3.000	2.000	1.000	19495.476	0.000	15292.000	21840.000	1.000	1.000	1.000
1720.000	3.000	2.000	1.000	28991.603	0.000	26118.000	39476.000	1.000	1.000	1.000
1721.000	1.000	0.000	1.000	789071.634	0.000	56035.000	10000000000.000	1.000	1.000	1.000
1722.000	2.000	1.000	1.000	4568.841	0.000	0.000	6000.000	1.000	1.000	1.000
1723.000	2.000	1.000	1.000	6498.674	0.000	6283.000	6876.000	1.000	1.000	1.000
1724.000	3.000	2.000	1.000	7840.717	0.000	7250.000	8224.000	1.000	1.000	1.000
1725.000	4.000	2.000	2.000	9025.725	0.000	8765.000	10410.000	1.000	1.000	2.000
1726.000	2.000	1.000	1.000	12102.282	0.000	11292.000	14247.000	1.000	1.000	1.000
1727.000	9.000	5.000	4.000	21537.536	0.000	15292.000	21840.000	1.000	3.000	3.000
1728.000	4.000	2.000	2.000	33080.353	0.000	26118.000	39476.000	1.000	1.000	2.000
1729.000	1.000	0.000	1.000	299249.374	0.000	56035.000	10000000000.000	1.000	1.000	1.000
1730.000	6.000	3.000	3.000	5461.212	0.000	0.000	6000.000	1.000	3.000	1.000
1731.000	2.000	1.000	1.000	7634.145	0.000	7250.000	8224.000	1.000	1.000	1.000
1732.000	4.000	2.000	2.000	9484.577	0.000	8765.000	10410.000	1.000	2.000	1.000
1733.000	9.000	5.000	4.000	11982.785	0.000	11292.000	14247.000	1.000	3.000	2.000
1734.000	15.000	12.000	3.000	21263.777	0.000	15292.000	21840.000	1.000	3.000	3.000
1735.000	8.000	5.000	3.000	33219.176	0.000	26118.000	39476.000	1.000	3.000	1.000
1736.000	1.000	0.000	1.000	241654.313	0.000	56035.000	10000000000.000	1.000	1.000	1.000
1737.000	4.000	2.000	2.000	5581.459	0.000	0.000	6000.000	1.000	2.000	1.000
1738.000	3.000	2.000	1.000	6787.948	0.000	6283.000	6876.000	1.000	1.000	1.000
1739.000	8.000	5.000	3.000	8054.419	0.000	7250.000	8224.000	1.000	3.000	1.000
1740.000	2.000	1.000	1.000	9719.855	0.000	8765.000	10410.000	1.000	1.000	1.000
1741.000	7.000	4.000	3.000	11839.971	0.000	11292.000	14247.000	1.000	3.000	1.000
1742.000	2.000	1.000	1.000	19946.192	0.000	15292.000	21840.000	1.000	1.000	1.000
1743.000	2.000	0.000	2.000	26821.536	0.000	26118.000	39476.000	1.000	1.000	1.000
1744.000	1.000	0.000	1.000	93494.860	0.000	56035.000	10000000000.000	1.000	1.000	1.000
1745.000	2.000	1.000	1.000	4777.657	0.000	0.000	6000.000	1.000	1.000	1.000
1746.000	12.000	9.000	3.000	6760.727	0.000	6283.000	6876.000	1.000	3.000	2.000
1747.000	8.000	5.000	3.000	9352.424	0.000	8765.000	10410.000	1.000	3.000	1.000
1748.000	6.000	3.000	3.000	13999.052	0.000	11292.000	14247.000	1.000	1.000	4.000
1749.000	4.000	2.000	2.000	21663.997	0.000	15292.000	21840.000	1.000	2.000	1.000
1750.000	3.000	1.000	2.000	33261.050	0.000	26118.000	39476.000	1.000	1.000	1.000
1751.000	1.000	0.000	1.000	124623.011	0.000	56035.000	10000000000.000	1.000	1.000	1.000
1752.000	4.000	2.000	2.000	5462.754	0.000	0.000	6000.000	1.000	2.000	1.000
1753.000	2.000	1.000	1.000	6741.060	0.000	6283.000	6876.000	1.000	1.000	1.000
1754.000	3.000	2.000	1.000	8019.461	0.000	7250.000	8224.000	1.000	1.000	1.000
1755.000	4.000	2.000	2.000	8823.439	0.000	8765.000	10410.000	1.000	1.000	2.000
1756.000	4.000	3.000	1.000	13186.803	0.000	11292.000	14247.000	1.000	1.000	1.000
1757.000	2.000	1.000	1.000	19961.053	0.000	15292.000	21840.000	1.000	1.000	1.000
1758.000	6.000	3.000	3.000	28148.122	0.000	26118.000	39476.000	1.000	2.000	2.000
1759.000	1.000	0.000	1.000	71640.868	0.000	56035.000	10000000000.000	1.000	1.000	1.000
1760.000	2.000	1.000	1.000	5493.357	0.000	0.000	6000.000	1.000	1.000	1.000
1761.000	3.000	2.000	1.000	6525.717	0.000	6283.000	6876.000	1.000	1.000	1.000
1762.000	8.000	5.000	3.000	8218.182	0.000	7250.000	8224.000	1.000	3.000	1.000
1763.000	6.000	3.000	3.000	12628.312	0.000	11292.000	14247.000	1.000	3.000	1.000
1764.000	1.000	0.000	1.000	16720.502	0.000	15292.000	21840.000	1.000	1.000	1.000
1765.000	18.000	12.000	6.000	35990.702	0.000	26118.000	39476.000	1.000	1.000	11.000
1766.000	6.000	0.000	6.000	61169.022	0.000	56035.000	10000000000.000	1.000	3.000	1.000
1767.000	2.000	1.000	1.000	5291.128	0.000	0.000	6000.000	1.000	1.000	1.000
1768.000	26.000	0.000	26.000	6611.449	0.000	6283.000	6876.000	1.000	1.000	1.000
1769.000	2.000	1.000	1.000	7252.957	0.000	7250.000	8224.000	1.000	1.000	1.000
1770.000	1.000	0.000	1.000	9203.721	0.000	8765.000	10410.000	1.000	1.000	1.000
1771.000	5.000	3.000	2.000	13468.956	0.000	11292.000	14247.000	1.000	1.000	3.000
1772.000	5.000	3.000	2.000	15392.684	0.000	15292.000	21840.000	1.000	2.000	1.000
1773.000	1.000	0.000	1.000	37125.877	0.000	26118.000	39476.000	1.000	1.000	1.000
1774.000	70.000	0.000	70.000	64133.536	0.000	56035.000	10000000000.000	1.000	3.000	2.000
1775.000	2.000	1.000	1.000	4479.628	0.000	0.000	6000.000	1.000	1.000	1.000
1776.000	2.000	1.000	1.000	6736.236	0.000	6283.000	6876.000	1.000	1.000	1.000
1777.000	86.000	83.000	3.000	14954.506	0.000	7250.000	8224.000	0.000	3.000	20.000
1778.000	19.000	16.000	3.000	10397.715	0.000	8765.000	10410.000	1.000	3.000	4.000
1779.000	53.000	50.000	3.000	19800.032	0.000	15292.000	21840.000	1.000	3.000	12.000
1780.000	4.000	3.000	1.000	29612.510	0.000	26118.000	39476.000	1.000	1.000	1.000
1781.000	1.000	0.000	1.000	76980.087	0.000	56035.000	10000000000.000	1.000	1.000	1.000
1782.000	2.000	1.000	1.000	5415.124	0.000	0.000	6000.000	1.000	1.000	1.000
1783.000	22.000	11.000	11.000	6362.938	0.000	6283.000	6876.000	1.000	1.000	20.000
1784.000	2.000	1.000	1.000	7885.094	0.000	7250.000	8224.000	1.000	1.000	1.000
1785.000	6.000	3.000	3.000	10345.459	0.000	8765.000	10410.000	1.000	3.000	1.000
1786.000	2.000	1.000	1.000	13940.388	0.000	11292.000	14247.000	1.000	1.000	1.000
1787.000	6.000	3.000	3.000	19951.677	0.000	15292.000	21840.000	1.000	3.000	1.000
1788.000	3.000	2.000	1.000	30085.725	0.000	26118.000	39476.000	1.000	1.000	1.000
1789.000	1003.000	0.000	1003.000	3999.881	0.000	56035.000	10000000000.000	0.000	3.000	20.000
1790.000	2.000	1.000	1.000	5018.420	0.000	0.000	6000.000	1.000	1.000	1.000
1791.000	2.000	1.000	1.000	6671.923	0.000	6283.000	6876.000	1.000	1.000	1.000
1792.000	2.000	1.000	1.000	7426.664	0.000	7250.000	8224.000	1.000	1.000	1.000
1793.000	2.000	1.000	1.000	8943.611	0.000	8765.000	10410.000	1.000	1.000	1.000
1794.000	10.000	5.000	5.000	12774.301	0.000	11292.000	14247.000	1.000	1.000	8.000
1795.000	4.000	2.000	2.000	35015.222	0.000	26118.000	39476.000	1.000	1.000	2.000
1796.000	1.000	0.000	1.000	169223.778	0.000	56035.000	10000000000.000	1.000	1.000	1.000
1797.000	2.000	1.000	1.000	4454.927	0.000	0.000	6000.000	1.000	1.000	1.000
1798.000	2.000	1.000	1.000	6432.019	0.000	6283.000	6876.000	1.000	1.000	1.000
1799.000	2.000	1.000	1.000	7311.944	0.000	7250.000	8224.000	1.000	1.000	1.000
1800.000	2.000	1.000	1.000	10118.454	0.000	8765.000	10410.000	1.000	1.000	1.000
1801.000	2.000	1.000	1.000	11516.825	0.000	11292.000	14247.000	1.000	1.000	1.000
1802.000	2.000	1.000	1.000	18118.922	0.000	15292.000	21840.000	1.000	1.000	1.000
1803.000	8.000	6.000	2.000	36399.174	0.000	26118.000	39476.000	1.000	1.000	3.000
1804.000	2.000	0.000	2.000	82562.083	0.000	56035.000	10000000000.000	1.000	2.000	1.000
1805.000	2.000	1.000	1.000	5227.745	0.000	0.000	6000.000	1.000	1.000	1.000
1806.000	2.000	1.000	1.000	6399.861	0.000	6283.000	6876.000	1.000	1.000	1.000
1807.000	2.000	1.000	1.000	7435.257	0.000	7250.000	8224.000	1.000	1.000	1.000
1808.000	8.000	5.000	3.000	9534.792	0.000	8765.000	10410.000	1.000	3.000	1.000
1809.000	2.000	1.000	1.000	13586.382	0.000	11292.000	14247.000	1.000	1.000	1.000
1810.000	2.000	1.000	1.000	18076.512	0.000	15292.000	21840.000	1.000	1.000	1.000
1811.000	1.000	0.000	1.000	186664.010	0.000	56035.000	10000000000.000	1.000	1.000	1.000
1812.000	2.000	1.000	1.000	5541.392	0.000	0.000	6000.000	1.000	1.000	1.000
1813.000	7.000	6.000	1.000	6713.501	0.000	6283.000	6876.000	1.000	1.000	2.000
1814.000	2.000	1.000	1.000	7569.868	0.000	7250.000	8224.000	1.000	1.000	1.000
1815.000	10.000	7.000	3.000	9945.444	0.000	8765.000	10410.000	1.000	3.000	1.000
1816.000	12.000	8.000	4.000	13763.937	0.000	11292.000	14247.000	1.000	3.000	3.000
1817.000	16.000	14.000	2.000	18594.354	0.000	15292.000	21840.000	1.000	2.000	3.000
1818.000	7.000	4.000	3.000	37424.266	0.000	26118.000	39476.000	1.000	3.000	1.000
1819.000	1.000	0.000	1.000	62972.827	0.000	56035.000	10000000000.000	1.000	1.000	1.000
1820.000	2.000	1.000	1.000	5366.555	0.000	0.000	6000.000	1.000	1.000	1.000
1821.000	48.000	45.000	3.000	6788.636	0.000	6283.000	6876.000	1.000	3.000	11.000
1822.000	2.000	1.000	1.000	7576.421	0.000	7250.000	8224.000	1.000	1.000	1.000
1823.000	2.000	1.000	1.000	9276.105	0.000	8765.000	10410.000	1.000	1.000	1.000
1824.000	3.000	2.000	1.000	13444.779	0.000	11292.000	14247.000	1.000	1.000	1.000
1825.000	5.000	2.000	3.000	21179.472	0.000	15292.000	21840.000	1.000	1.000	3.000
1826.000	2.000	1.000	1.000	26950.835	0.000	26118.000	39476.000	1.000	1.000	1.000
1827.000	2.000	1.000	1.000	4539.709	0.000	0.000	6000.000	1.000	1.000	1.000
1828.000	8.000	5.000	3.000	6696.012	0.000	6283.000	6876.000	1.000	3.000	1.000
1829.000	2.000	1.000	1.000	7556.204	0.000	7250.000	8224.000	1.000	1.000	1.000
1830.000	2.000	1.000	1.000	9666.362	0.000	8765.000	10410.000	1.000	1.000	1.000
1831.000	8.000	5.000	3.000	13063.059	0.000	11292.000	14247.000	1.000	3.000	1.000
1832.000	2.000	1.000	1.000	20202.809	0.000	15292.000	21840.000	1.000	1.000	1.000
1833.000	2.000	0.000	2.000	30150.052	0.000	26118.000	39476.000	1.000	1.000	1.000
1834.000	13.000	0.000	13.000	70794.830	0.000	56035.000	10000000000.000	1.000	3.000	1.000
1835.000	2.000	1.000	1.000	5444.811	0.000	0.000	6000.000	1.000	1.000	1.000
1836.000	2.000	1.000	1.000	6759.861	0.000	6283.000	6876.000	1.000	1.000	1.000
1837.000	10.000	7.000	3.000	7699.490	0.000	7250.000	8224.000	1.000	3.000	1.000
1838.000	4.000	2.000	2.000	10233.207	0.000	8765.000	10410.000	1.000	2.000	1.000
1839.000	3.000	2.000	1.000	14117.073	0.000	11292.000	14247.000	1.000	1.000	1.000
1840.000	2.000	1.000	1.000	18953.979	0.000	15292.000	21840.000	1.000	1.000	1.000
1841.000	3.000	2.000	1.000	27799.885	0.000	26118.000	39476.000	1.000	1.000	1.000
1842.000	1.000	0.000	1.000	141233.684	0.000	56035.000	10000000000.000	1.000	1.000	1.000
1843.000	86.000	83.000	3.000	8478.863	0.000	6283.000	6876.000	0.000	3.000	20.000
1844.000	16.000	13.000	3.000	8169.912	0.000	7250.000	8224.000	1.000	3.000	3.000
1845.000	21.000	0.000	21.000	8899.188	0.000	8765.000	10410.000	1.000	2.000	1.000
1846.000	2.000	1.000	1.000	13096.411	0.000	11292.000	14247.000	1.000	1.000	1.000
1847.000	4.000	2.000	2.000	18435.893	0.000	15292.000	21840.000	1.000	2.000	1.000
1848.000	3.000	1.000	2.000	34086.221	0.000	26118.000	39476.000	1.000	1.000	1.000
1849.000	3.000	0.000	3.000	91053.122	0.000	56035.000	10000000000.000	1.000	3.000	1.000
1850.000	2.000	1.000	1.000	5897.172	0.000	0.000	6000.000	1.000	1.000	1.000
1851.000	2.000	1.000	1.000	6851.791	0.000	6283.000	6876.000	1.000	1.000	1.000
1852.000	8.000	5.000	3.000	8181.138	0.000	7250.000	8224.000	1.000	3.000	1.000
1853.000	22.000	11.000	11.000	8322.316	0.000	8765.000	10410.000	0.000	1.000	20.000
1854.000	4.000	3.000	1.000	13816.517	0.000	11292.000	14247.000	1.000	1.000	1.000
1855.000	2.000	1.000	1.000	17829.901	0.000	15292.000	21840.000	1.000	1.000	1.000
1856.000	31.000	0.000	31.000	34710.930	0.000	26118.000	39476.000	1.000	3.000	1.000
1857.000	2.000	0.000	2.000	226947.524	0.000	56035.000	10000000000.000	1.000	2.000	1.000
1858.000	2.000	1.000	1.000	4764.318	0.000	0.000	6000.000	1.000	1.000	1.000
1859.000	8.000	5.000	3.000	7414.411	0.000	7250.000	8224.000	1.000	3.000	1.000
1860.000	2.000	1.000	1.000	9680.386	0.000	8765.000	10410.000	1.000	1.000	1.000
1861.000	4.000	3.000	1.000	14068.717	0.000	11292.000	14247.000	1.000	1.000	1.000
1862.000	2.000	1.000	1.000	16773.487	0.000	15292.000	21840.000	1.000	1.000	1.000
1863.000	2.000	1.000	1.000	39388.017	0.000	26118.000	39476.000	1.000	1.000	1.000
1864.000	1.000	0.000	1.000	407316.476	0.000	56035.000	10000000000.000	1.000	1.000	1.000
1865.000	2.000	1.000	1.000	4980.053	0.000	0.000	6000.000	1.000	1.000	1.000
1866.000	2.000	1.000	1.000	6549.412	0.000	6283.000	6876.000	1.000	1.000	1.000
1867.000	10.000	7.000	3.000	8205.307	0.000	7250.000	8224.000	1.000	3.000	1.000
1868.000	2.000	1.000	1.000	9377.125	0.000	8765.000	10410.000	1.000	1.000	1.000
1869.000	6.000	4.000	2.000	12855.018	0.000	11292.000	14247.000	1.000	1.000	3.000
1870.000	2.000	1.000	1.000	19223.566	0.000	15292.000	21840.000	1.000	1.000	1.000
1871.000	6.000	3.000	3.000	38942.342	0.000	26118.000	39476.000	1.000	2.000	2.000
1872.000	1.000	0.000	1.000	65880.383	0.000	56035.000	10000000000.000	1.000	1.000	1.000
1873.000	4.000	2.000	2.000	5937.829	0.000	0.000	6000.000	1.000	2.000	1.000
1874.000	2.000	1.000	1.000	6754.224	0.000	6283.000	6876.000	1.000	1.000	1.000
1875.000	5.000	3.000	2.000	9594.097	0.000	8765.000	10410.000	1.000	2.000	1.000
1876.000	2.000	1.000	1.000	11404.449	0.000	11292.000	14247.000	1.000	1.000	1.000
1877.000	6.000	3.000	3.000	19123.926	0.000	15292.000	21840.000	1.000	1.000	4.000
1878.000	2.000	1.000	1.000	33643.376	0.000	26118.000	39476.000	1.000	1.000	1.000
1879.000	1.000	0.000	1.000	83594.480	0.000	56035.000	10000000000.000	1.000	1.000	1.000
1880.000	2.000	1.000	1.000	5941.121	0.000	0.000	6000.000	1.000	1.000	1.000
1881.000	5.000	3.000	2.000	6578.457	0.000	6283.000	6876.000	1.000	2.000	1.000
1882.000	2.000	1.000	1.000	7673.806	0.000	7250.000	8224.000	1.000	1.000	1.000
1883.000	2.000	1.000	1.000	9527.724	0.000	8765.000	10410.000	1.000	1.000	1.000
1884.000	22.000	11.000	11.000	8611.457	0.000	11292.000	14247.000	0.000	1.000	20.000
1885.000	9.000	6.000	3.000	17971.210	0.000	15292.000	21840.000	1.000	3.000	1.000
1886.000	2.000	1.000	1.000	32284.942	0.000	26118.000	39476.000	1.000	1.000	1.000
1887.000	2.000	0.000	2.000	78042.619	0.000	56035.000	10000000000.000	1.000	2.000	1.000
1888.000	4.000	2.000	2.000	4297.791	0.000	0.000	6000.000	1.000	2.000	1.000
1889.000	2.000	1.000	1.000	6598.585	0.000	6283.000	6876.000	1.000	1.000	1.000
1890.000	86.000	83.000	3.000	8448.260	0.000	7250.000	8224.000	0.000	3.000	20.000
1891.000	16.000	8.000	8.000	11958.224	0.000	11292.000	14247.000	1.000	1.000	14.000
1892.000	4.000	2.000	2.000	17850.553	0.000	15292.000	21840.000	1.000	2.000	1.000
1893.000	1.000	0.000	1.000	37332.006	0.000	26118.000	39476.000	1.000	1.000	1.000
1894.000	2.000	0.000	2.000	64836.726	0.000	56035.000	10000000000.000	1.000	2.000	1.000
1895.000	22.000	19.000	3.000	5160.689	0.000	0.000	6000.000	1.000	3.000	4.000
1896.000	22.000	11.000	11.000	5591.189	0.000	6283.000	6876.000	0.000	1.000	20.000
1897.000	6.000	3.000	3.000	7952.827	0.000	7250.000	8224.000	1.000	3.000	1.000
1898.000	4.000	2.000	2.000	9258.475	0.000	8765.000	10410.000	1.000	2.000	1.000
1899.000	13.000	9.000	4.000	13924.505	0.000	11292.000	14247.000	1.000	3.000	3.000
1900.000	4.000	2.000	2.000	15978.219	0.000	15292.000	21840.000	1.000	1.000	2.000
1901.000	1.000	0.000	1.000	35947.241	0.000	26118.000	39476.000	1.000	1.000	1.000
1902.000	1.000	0.000	1.000	87242.041	0.000	56035.000	10000000000.000	1.000	1.000	1.000
1903.000	2.000	1.000	1.000	5275.628	0.000	0.000	6000.000	1.000	1.000	1.000
1904.000	19.000	16.000	3.000	6841.831	0.000	6283.000	6876.000	1.000	3.000	4.000
1905.000	3.000	2.000	1.000	7434.685	0.000	7250.000	8224.000	1.000	1.000	1.000
1906.000	6.000	4.000	2.000	9915.912	0.000	8765.000	10410.000	1.000	2.000	1.000
1907.000	6.000	3.000	3.000	17581.139	0.000	15292.000	21840.000	1.000	1.000	4.000
1908.000	3.000	2.000	1.000	37346.817	0.000	26118.000	39476.000	1.000	1.000	1.000
1909.000	1.000	0.000	1.000	263501.556	0.000	56035.000	10000000000.000	1.000	1.000	1.000
1910.000	2.000	1.000	1.000	5898.231	0.000	0.000	6000.000	1.000	1.000	1.000
1911.000	6.000	4.000	2.000	6726.090	0.000	6283.000	6876.000	1.000	2.000	1.000
1912.000	2.000	1.000	1.000	7621.933	0.000	7250.000	8224.000	1.000	1.000	1.000
1913.000	2.000	1.000	1.000	10254.086	0.000	8765.000	10410.000	1.000	1.000	1.000
1914.000	2.000	1.000	1.000	14039.003	0.000	11292.000	14247.000	1.000	1.000	1.000
1915.000	5.000	3.000	2.000	18184.479	0.000	15292.000	21840.000	1.000	2.000	1.000
1916.000	4.000	2.000	2.000	35843.290	0.000	26118.000	39476.000	1.000	1.000	2.000
1917.000	1.000	0.000	1.000	426886.032	0.000	56035.000	10000000000.000	1.000	1.000	1.000
1918.000	10.000	7.000	3.000	5115.499	0.000	0.000	6000.000	1.000	3.000	1.000
1919.000	3.000	2.000	1.000	6579.862	0.000	6283.000	6876.000	1.000	1.000	1.000
1920.000	7.000	5.000	2.000	8163.535	0.000	7250.000	8224.000	1.000	1.000	3.000
1921.000	86.000	83.000	3.000	17569.343	0.000	8765.000	10410.000	0.000	3.000	20.000
1922.000	10.000	5.000	5.000	12927.830	0.000	11292.000	14247.000	1.000	1.000	8.000
1923.000	10.000	7.000	3.000	35672.950	0.000	26118.000	39476.000	1.000	1.000	5.000
1924.000	1.000	0.000	1.000	85256.016	0.000	56035.000	10000000000.000	1.000	1.000	1.000
1925.000	2.000	1.000	1.000	5540.845	0.000	0.000	6000.000	1.000	1.000	1.000
1926.000	16.000	11.000	5.000	6512.636	0.000	6283.000	6876.000	1.000	3.000	5.000
1927.000	2.000	1.000	1.000	7294.624	0.000	7250.000	8224.000	1.000	1.000	1.000
1928.000	3.000	2.000	1.000	9003.979	0.000	8765.000	10410.000	1.000	1.000	1.000
1929.000	4.000	2.000	2.000	12288.362	0.000	11292.000	14247.000	1.000	2.000	1.000
1930.000	4.000	2.000	2.000	18466.781	0.000	15292.000	21840.000	1.000	2.000	1.000
1931.000	2.000	1.000	1.000	31078.193	0.000	26118.000	39476.000	1.000	1.000	1.000
1932.000	1.000	0.000	1.000	182030.092	0.000	56035.000	10000000000.000	1.000	1.000	1.000
1933.000	55.000	52.000	3.000	5751.974	0.000	0.000	6000.000	1.000	3.000	13.000
1934.000	5.000	3.000	2.000	6752.286	0.000	6283.000	6876.000	1.000	2.000	1.000
1935.000	10.000	5.000	5.000	7255.752	0.000	7250.000	8224.000	1.000	1.000	8.000
1936.000	2.000	1.000	1.000	9325.555	0.000	8765.000	10410.000	1.000	1.000	1.000
1937.000	2.000	1.000	1.000	13826.718	0.000	11292.000	14247.000	1.000	1.000	1.000
1938.000	7.000	4.000	3.000	20003.930	0.000	15292.000	21840.000	1.000	3.000	1.000
1939.000	1.000	0.000	1.000	153637.576	0.000	56035.000	10000000000.000	1.000	1.000	1.000
1940.000	2.000	1.000	1.000	5433.752	0.000	0.000	6000.000	1.000	1.000	1.000
1941.000	3.000	2.000	1.000	6554.108	0.000	6283.000	6876.000	1.000	1.000	1.000
1942.000	4.000	2.000	2.000	8149.058	0.000	7250.000	8224.000	1.000	2.000	1.000
1943.000	20.000	10.000	10.000	9446.351	0.000	8765.000	10410.000	1.000	1.000	18.000
1944.000	6.000	4.000	2.000	13003.802	0.000	11292.000	14247.000	1.000	1.000	3.000
1945.000	54.000	51.000	3.000	20786.370	0.000	15292.000	21840.000	1.000	3.000	12.000
1946.000	2.000	1.000	1.000	27271.379	0.000	26118.000	39476.000	1.000	1.000	1.000
1947.000	2.000	0.000	2.000	69105.059	0.000	56035.000	10000000000.000	1.000	2.000	1.000
1948.000	2.000	1.000	1.000	4908.812	0.000	0.000	6000.000	1.000	1.000	1.000
1949.000	3.000	2.000	1.000	6867.828	0.000	6283.000	6876.000	1.000	1.000	1.000
1950.000	2.000	1.000	1.000	8021.160	0.000	7250.000	8224.000	1.000	1.000	1.000
1951.000	7.000	5.000	2.000	10233.328	0.000	8765.000	10410.000	1.000	2.000	1.000
1952.000	11.000	6.000	5.000	12908.330	0.000	11292.000	14247.000	1.000	1.000	9.000
1953.000	2.000	1.000	1.000	19327.896	0.000	15292.000	21840.000	1.000	1.000	1.000
1954.000	2.000	1.000	1.000	27191.539	0.000	26118.000	39476.000	1.000	1.000	1.000
1955.000	2.000	1.000	1.000	4412.983	0.000	0.000	6000.000	1.000	1.000	1.000
1700.000	3.000	2.000	1.000	7472.745	0.000	7250.000	8224.000	1.000	1.000	1.000
1701.000	2.000	1.000	1.000	8814.618	0.000	8765.000	10410.000	1.000	1.000	1.000
1702.000	8.000	5.000	3.000	14057.304	0.000	11292.000	14247.000	1.000	3.000	1.000
1703.000	2.000	1.000	1.000	16471.343	0.000	15292.000	21840.000	1.000	1.000	1.000
1704.000	5.000	3.000	2.000	30454.542	0.000	26118.000	39476.000	1.000	1.000	2.000
1705.000	1.000	0.000	1.000	194372.663	0.000	56035.000	10000000000.000	1.000	1.000	1.000
1706.000	2.000	1.000	1.000	5831.474	0.000	0.000	6000.000	1.000	1.000	1.000
1707.000	2.000	1.000	1.000	6491.370	0.000	6283.000	6876.000	1.000	1.000	1.000
1708.000	8.000	4.000	4.000	7361.631	0.000	7250.000	8224.000	1.000	1.000	6.000
1709.000	4.000	2.000	2.000	9787.511	0.000	8765.000	10410.000	1.000	2.000	1.000
1710.000	29.000	26.000	3.000	14111.811	0.000	11292.000	14247.000	1.000	3.000	6.000
1711.000	2.000	1.000	1.000	21627.004	0.000	15292.000	21840.000	1.000	1.000	1.000
1712.000	6.000	4.000	2.000	26231.288	0.000	26118.000	39476.000	1.000	1.000	3.000
1713.000	1.000	0.000	1.000	734492.268	0.000	56035.000	10000000000.000	1.000	1.000	1.000
1714.000	3.000	2.000	1.000	6866.867	0.000	6283.000	6876.000	1.000	1.000	1.000
1715.000	3.000	2.000	1.000	7304.752	0.000	7250.000	8224.000	1.000	1.000	1.000
1716.000	2.000	1.000	1.000	8829.389	0.000	8765.000	10410.000	1.000	1.000	1.000
1717.000	4.000	2.000	2.000	11709.686	0.000	11292.000	14247.000	1.000	2.000	1.000
1718.000	1.000	0.000	1.000	19036.024	0.000	15292.000	21840.000	1.000	1.000	1.000
1719.000	4.000	2.000	2.000	35318.807	0.000	26118.000	39476.000	1.000	2.000	1.000
1720.000	1.000	0.000	1.000	912247.740	0.000	56035.000	10000000000.000	1.000	1.000	1.000
1721.000	2.000	1.000	1.000	5165.886	0.000	0.000	6000.000	1.000	1.000	1.000
1722.000	3.000	2.000	1.000	6437.916	0.000	6283.000	6876.000	1.000	1.000	1.000
1723.000	2.000	1.000	1.000	7315.615	0.000	7250.000	8224.000	1.000	1.000	1.000
1724.000	2.000	1.000	1.000	10327.391	0.000	8765.000	10410.000	1.000	1.000	1.000
1725.000	4.000	2.000	2.000	11332.573	0.000	11292.000	14247.000	1.000	1.000	2.000
1726.000	8.000	4.000	4.000	19497.222	0.000	15292.000	21840.000	1.000	1.000	6.000
1727.000	4.000	2.000	2.000	37065.428	0.000	26118.000	39476.000	1.000	1.000	2.000
1728.000	1.000	0.000	1.000	601132.669	0.000	56035.000	10000000000.000	1.000	1.000	1.000
1729.000	2.000	1.000	1.000	5118.341	0.000	0.000	6000.000	1.000	1.000	1.000
1730.000	1.000	0.000	1.000	8196.136	0.000	7250.000	8224.000	1.000	1.000	1.000
1731.000	2.000	1.000	1.000	10007.310	0.000	8765.000	10410.000	1.000	1.000	1.000
1732.000	10.000	8.000	2.000	11999.133	0.000	11292.000	14247.000	1.000	1.000	3.000
1733.000	4.000	2.000	2.000	16225.115	0.000	15292.000	21840.000	1.000	2.000	1.000
1734.000	9.000	6.000	3.000	28692.112	0.000	26118.000	39476.000	1.000	3.000	1.000
1735.000	1.000	0.000	1.000	235033.648	0.000	56035.000	10000000000.000	1.000	1.000	1.000
1736.000	2.000	1.000	1.000	4431.438	0.000	0.000	6000.000	1.000	1.000	1.000
1737.000	11.000	8.000	3.000	6788.464	0.000	6283.000	6876.000	1.000	3.000	2.000
1738.000	2.000	1.000	1.000	8067.590	0.000	7250.000	8224.000	1.000	1.000	1.000
1739.000	2.000	1.000	1.000	9075.348	0.000	8765.000	10410.000	1.000	1.000	1.000
1740.000	2.000	1.000	1.000	13423.638	0.000	11292.000	14247.000	1.000	1.000	1.000
1741.000	4.000	2.000	2.000	19900.378	0.000	15292.000	21840.000	1.000	2.000	1.000
1742.000	2.000	1.000	1.000	27056.772	0.000	26118.000	39476.000	1.000	1.000	1.000
1743.000	9.000	0.000	9.000	62339.390	0.000	56035.000	10000000000.000	1.000	3.000	1.000
1744.000	2.000	1.000	1.000	5275.668	0.000	0.000	6000.000	1.000	1.000	1.000
1745.000	4.000	3.000	1.000	6666.624	0.000	6283.000	6876.000	1.000	1.000	1.000
1746.000	11.000	8.000	3.000	10140.992	0.000	8765.000	10410.000	1.000	3.000	2.000
1747.000	2.000	1.000	1.000	13973.274	0.000	11292.000	14247.000	1.000	1.000	1.000
1748.000	8.000	4.000	4.000	18747.890	0.000	15292.000	21840.000	1.000	1.000	6.000
1749.000	13.000	7.000	6.000	36166.350	0.000	26118.000	39476.000	1.000	1.000	10.000
1750.000	1.000	0.000	1.000	123469.954	0.000	56035.000	10000000000.000	1.000	1.000	1.000
1751.000	2.000	1.000	1.000	5858.950	0.000	0.000	6000.000	1.000	1.000	1.000
1752.000	3.000	2.000	1.000	6603.101	0.000	6283.000	6876.000	1.000	1.000	1.000
1753.000	3.000	2.000	1.000	7652.663	0.000	7250.000	8224.000	1.000	1.000	1.000
1754.000	2.000	1.000	1.000	9908.747	0.000	8765.000	10410.000	1.000	1.000	1.000
1755.000	5.000	3.000	2.000	13469.060	0.000	11292.000	14247.000	1.000	2.000	1.000
1756.000	1.000	0.000	1.000	17031.360	0.000	15292.000	21840.000	1.000	1.000	1.000
1757.000	4.000	2.000	2.000	35774.445	0.000	26118.000	39476.000	1.000	1.000	2.000
1758.000	1.000	0.000	1.000	171026.948	0.000	56035.000	10000000000.000	1.000	1.000	1.000
1759.000	2.000	1.000	1.000	4548.661	0.000	0.000	6000.000	1.000	1.000	1.000
1760.000	2.000	1.000	1.000	6564.769	0.000	6283.000	6876.000	1.000	1.000	1.000
1761.000	2.000	1.000	1.000	7457.736	0.000	7250.000	8224.000	1.000	1.000	1.000
1762.000	6.000	3.000	3.000	11584.819	0.000	11292.000	14247.000	1.000	3.000	1.000
1763.000	2.000	1.000	1.000	21209.135	0.000	15292.000	21840.000	1.000	1.000	1.000
1764.000	1.000	0.000	1.000	32808.321	0.000	26118.000	39476.000	1.000	1.000	1.000
1765.000	1.000	0.000	1.000	313837.036	0.000	56035.000	10000000000.000	1.000	1.000	1.000
1766.000	2.000	1.000	1.000	5224.232	0.000	0.000	6000.000	1.000	1.000	1.000
1767.000	9.000	6.000	3.000	6744.545	0.000	6283.000	6876.000	1.000	3.000	1.000
1768.000	28.000	1.000	27.000	7598.504	0.000	7250.000	8224.000	1.000	3.000	2.000
1769.000	2.000	1.000	1.000	9261.823	0.000	8765.000	10410.000	1.000	1.000	1.000
1770.000	2.000	0.000	2.000	13553.445	0.000	11292.000	14247.000	1.000	2.000	1.000
1771.000	2.000	1.000	1.000	17578.743	0.000	15292.000	21840.000	1.000	1.000	1.000
1772.000	2.000	1.000	1.000	34260.573	0.000	26118.000	39476.000	1.000	1.000	1.000
1773.000	1.000	0.000	1.000	166585.222	0.000	56035.000	10000000000.000	1.000	1.000	1.000
1774.000	2.000	1.000	1.000	4980.801	0.000	0.000	6000.000	1.000	1.000	1.000
1775.000	3.000	2.000	1.000	6689.055	0.000	6283.000	6876.000	1.000	1.000	1.000
1776.000	2.000	1.000	1.000	7848.527	0.000	7250.000	8224.000	1.000	1.000	1.000
1777.000	83.000	78.000	5.000	17089.606	0.000	8765.000	10410.000	0.000	3.000	20.000
1778.000	6.000	3.000	3.000	17873.179	0.000	15292.000	21840.000	1.000	3.000	1.000
1779.000	12.000	9.000	3.000	37885.897	0.000	26118.000	39476.000	1.000	2.000	3.000
1780.000	2.000	0.000	2.000	83713.023	0.000	56035.000	10000000000.000	1.000	2.000	1.000
1781.000	2.000	1.000	1.000	4956.122	0.000	0.000	6000.000	1.000	1.000	1.000
1782.000	14.000	11.000	3.000	6829.208	0.000	6283.000	6876.000	1.000	3.000	2.000
1783.000	22.000	11.000	11.000	6682.407	0.000	7250.000	8224.000	0.000	1.000	20.000
1784.000	2.000	1.000	1.000	9148.722	0.000	8765.000	10410.000	1.000	1.000	1.000
1785.000	6.000	3.000	3.000	13578.755	0.000	11292.000	14247.000	1.000	3.000	1.000
1786.000	2.000	1.000	1.000	18210.911	0.000	15292.000	21840.000	1.000	1.000	1.000
1787.000	10.000	5.000	5.000	37843.086	0.000	26118.000	39476.000	1.000	3.000	3.000
1788.000	3.000	0.000	3.000	68511.036	0.000	56035.000	10000000000.000	1.000	3.000	1.000
1789.000	1.000	0.000	1.000	4004.272	0.000	0.000	6000.000	1.000	1.000	1.000
1790.000	3.000	2.000	1.000	6640.757	0.000	6283.000	6876.000	1.000	1.000	1.000
1791.000	8.000	5.000	3.000	7611.706	0.000	7250.000	8224.000	1.000	2.000	3.000
1792.000	2.000	1.000	1.000	9709.802	0.000	8765.000	10410.000	1.000	1.000	1.000
1793.000	6.000	3.000	3.000	12553.394	0.000	11292.000	14247.000	1.000	1.000	4.000
1794.000	11.000	7.000	4.000	26933.329	0.000	26118.000	39476.000	1.000	1.000	7.000
1795.000	1.000	0.000	1.000	110244.800	0.000	56035.000	10000000000.000	1.000	1.000	1.000
1796.000	2.000	1.000	1.000	5079.206	0.000	0.000	6000.000	1.000	1.000	1.000
1797.000	2.000	1.000	1.000	6531.713	0.000	6283.000	6876.000	1.000	1.000	1.000
1798.000	5.000	3.000	2.000	7491.470	0.000	7250.000	8224.000	1.000	1.000	3.000
1799.000	2.000	1.000	1.000	9219.484	0.000	8765.000	10410.000	1.000	1.000	1.000
1800.000	2.000	1.000	1.000	11564.548	0.000	11292.000	14247.000	1.000	1.000	1.000
1801.000	4.000	2.000	2.000	19295.452	0.000	15292.000	21840.000	1.000	2.000	1.000
1802.000	19.000	15.000	4.000	30790.267	0.000	26118.000	39476.000	1.000	1.000	8.000
1803.000	1.000	0.000	1.000	121807.510	0.000	56035.000	10000000000.000	1.000	1.000	1.000
1804.000	2.000	1.000	1.000	4305.718	0.000	0.000	6000.000	1.000	1.000	1.000
1805.000	20.000	10.000	10.000	6394.949	0.000	6283.000	6876.000	1.000	1.000	18.000
1806.000	2.000	1.000	1.000	8069.366	0.000	7250.000	8224.000	1.000	1.000	1.000
1807.000	2.000	1.000	1.000	9453.890	0.000	8765.000	10410.000	1.000	1.000	1.000
1808.000	9.000	5.000	4.000	11834.580	0.000	11292.000	14247.000	1.000	2.000	4.000
1809.000	2.000	1.000	1.000	15448.532	0.000	15292.000	21840.000	1.000	1.000	1.000
1810.000	1.000	0.000	1.000	186824.211	0.000	56035.000	10000000000.000	1.000	1.000	1.000
1811.000	2.000	1.000	1.000	5463.362	0.000	0.000	6000.000	1.000	1.000	1.000
1812.000	4.000	2.000	2.000	6340.190	0.000	6283.000	6876.000	1.000	1.000	2.000
1813.000	9.000	6.000	3.000	7880.580	0.000	7250.000	8224.000	1.000	3.000	1.000
1814.000	2.000	1.000	1.000	10226.267	0.000	8765.000	10410.000	1.000	1.000	1.000
1815.000	1.000	0.000	1.000	12309.034	0.000	11292.000	14247.000	1.000	1.000	1.000
1816.000	9.000	7.000	2.000	20525.212	0.000	15292.000	21840.000	1.000	2.000	2.000
1817.000	5.000	3.000	2.000	30875.700	0.000	26118.000	39476.000	1.000	2.000	1.000
1818.000	1.000	0.000	1.000	98194.643	0.000	56035.000	10000000000.000	1.000	1.000	1.000
1819.000	2.000	1.000	1.000	4514.846	0.000	0.000	6000.000	1.000	1.000	1.000
1820.000	6.000	4.000	2.000	6858.024	0.000	6283.000	6876.000	1.000	2.000	1.000
1821.000	15.000	12.000	3.000	7996.795	0.000	7250.000	8224.000	1.000	3.000	3.000
1822.000	1.000	0.000	1.000	9171.005	0.000	8765.000	10410.000	1.000	1.000	1.000
1823.000	4.000	2.000	2.000	13214.821	0.000	11292.000	14247.000	1.000	2.000	1.000
1824.000	4.000	2.000	2.000	17238.983	0.000	15292.000	21840.000	1.000	1.000	2.000
1825.000	12.000	3.000	9.000	27445.877	0.000	26118.000	39476.000	1.000	2.000	2.000
1826.000	2.000	1.000	1.000	5736.050	0.000	0.000	6000.000	1.000	1.000	1.000
1827.000	3.000	2.000	1.000	6599.323	0.000	6283.000	6876.000	1.000	1.000	1.000
1828.000	2.000	1.000	1.000	7998.209	0.000	7250.000	8224.000	1.000	1.000	1.000
1829.000	2.000	1.000	1.000	8930.036	0.000	8765.000	10410.000	1.000	1.000	1.000
1830.000	4.000	2.000	2.000	12878.023	0.000	11292.000	14247.000	1.000	1.000	2.000
1831.000	2.000	1.000	1.000	17281.323	0.000	15292.000	21840.000	1.000	1.000	1.000
1832.000	2.000	1.000	1.000	37164.700	0.000	26118.000	39476.000	1.000	1.000	1.000
1833.000	3.000	0.000	3.000	167869.858	0.000	56035.000	10000000000.000	1.000	3.000	1.000
1834.000	2.000	1.000	1.000	5742.898	0.000	0.000	6000.000	1.000	1.000	1.000
1835.000	4.000	3.000	1.000	6612.277	0.000	6283.000	6876.000	1.000	1.000	1.000
1836.000	6.000	3.000	3.000	8098.335	0.000	7250.000	8224.000	1.000	3.000	1.000
1837.000	8.000	5.000	3.000	9523.217	0.000	8765.000	10410.000	1.000	3.000	1.000
1838.000	5.000	3.000	2.000	14097.018	0.000	11292.000	14247.000	1.000	2.000	1.000
1839.000	3.000	2.000	1.000	20265.462	0.000	15292.000	21840.000	1.000	1.000	1.000
1840.000	2.000	1.000	1.000	29680.644	0.000	26118.000	39476.000	1.000	1.000	1.000
1841.000	1.000	0.000	1.000	62856.907	0.000	56035.000	10000000000.000	1.000	1.000	1.000
1842.000	36.000	33.000	3.000	6867.395	0.000	6283.000	6876.000	1.000	3.000	8.000
1843.000	86.000	83.000	3.000	9458.922	0.000	7250.000	8224.000	0.000	3.000	20.000
1844.000	22.000	19.000	3.000	10164.817	0.000	8765.000	10410.000	1.000	3.000	4.000
1845.000	35.000	0.000	35.000	12845.204	0.000	11292.000	14247.000	1.000	2.000	1.000
1846.000	6.000	3.000	3.000	18204.819	0.000	15292.000	21840.000	1.000	1.000	4.000
1847.000	2.000	1.000	1.000	29989.617	0.000	26118.000	39476.000	1.000	1.000	1.000
1848.000	1.000	0.000	1.000	162164.253	0.000	56035.000	10000000000.000	1.000	1.000	1.000
1849.000	2.000	1.000	1.000	5972.058	0.000	0.000	6000.000	1.000	1.000	1.000
1850.000	9.000	6.000	3.000	6689.697	0.000	6283.000	6876.000	1.000	3.000	1.000
1851.000	3.000	2.000	1.000	7886.915	0.000	7250.000	8224.000	1.000	1.000	1.000
1852.000	15.000	12.000	3.000	9604.494	0.000	8765.000	10410.000	1.000	3.000	3.000
1853.000	2.000	1.000	1.000	11381.752	0.000	11292.000	14247.000	1.000	1.000	1.000
1854.000	19.000	11.000	8.000	20406.280	0.000	15292.000	21840.000	1.000	3.000	11.000
1855.000	4.000	2.000	2.000	37579.726	0.000	26118.000	39476.000	1.000	1.000	2.000
1856.000	33.000	0.000	33.000	138086.821	0.000	56035.000	10000000000.000	1.000	3.000	1.000
1857.000	7.000	4.000	3.000	5673.218	0.000	0.000	6000.000	1.000	3.000	1.000
1858.000	2.000	1.000	1.000	8029.778	0.000	7250.000	8224.000	1.000	1.000	1.000
1859.000	8.000	5.000	3.000	9764.517	0.000	8765.000	10410.000	1.000	3.000	1.000
1860.000	2.000	1.000	1.000	12058.706	0.000	11292.000	14247.000	1.000	1.000	1.000
1861.000	5.000	3.000	2.000	19056.334	0.000	15292.000	21840.000	1.000	2.000	1.000
1862.000	2.000	1.000	1.000	33324.061	0.000	26118.000	39476.000	1.000	1.000	1.000
1863.000	2.000	0.000	2.000	77720.446	0.000	56035.000	10000000000.000	1.000	2.000	1.000
1864.000	2.000	1.000	1.000	5190.351	0.000	0.000	6000.000	1.000	1.000	1.000
1865.000	6.000	5.000	1.000	6730.054	0.000	6283.000	6876.000	1.000	1.000	1.000
1866.000	16.000	13.000	3.000	7928.983	0.000	7250.000	8224.000	1.000	3.000	3.000
1867.000	11.000	8.000	3.000	9149.780	0.000	8765.000	10410.000	1.000	3.000	2.000
1868.000	2.000	1.000	1.000	11367.599	0.000	11292.000	14247.000	1.000	1.000	1.000
1869.000	5.000	3.000	2.000	16169.300	0.000	15292.000	21840.000	1.000	2.000	1.000
1870.000	2.000	1.000	1.000	38601.383	0.000	26118.000	39476.000	1.000	1.000	1.000
1871.000	1.000	0.000	1.000	327592.494	0.000	56035.000	10000000000.000	1.000	1.000	1.000
1872.000	4.000	2.000	2.000	4496.474	0.000	0.000	6000.000	1.000	2.000	1.000
1873.000	16.000	13.000	3.000	6740.304	0.000	6283.000	6876.000	1.000	3.000	3.000
1874.000	3.000	2.000	1.000	10168.407	0.000	8765.000	10410.000	1.000	1.000	1.000
1875.000	2.000	1.000	1.000	11886.317	0.000	11292.000	14247.000	1.000	1.000	1.000
1876.000	4.000	2.000	2.000	16266.336	0.000	15292.000	21840.000	1.000	1.000	2.000
1877.000	12.000	6.000	6.000	32934.897	0.000	26118.000	39476.000	1.000	1.000	9.000
1878.000	1.000	0.000	1.000	162808.574	0.000	56035.000	10000000000.000	1.000	1.000	1.000
1879.000	2.000	1.000	1.000	5074.271	0.000	0.000	6000.000	1.000	1.000	1.000
1880.000	77.000	74.000	3.000	6874.715	0.000	6283.000	6876.000	1.000	3.000	18.000
1881.000	3.000	2.000	1.000	8165.928	0.000	7250.000	8224.000	1.000	1.000	1.000
1882.000	5.000	3.000	2.000	9028.790	0.000	8765.000	10410.000	1.000	1.000	3.000
1883.000	2.000	1.000	1.000	13172.589	0.000	11292.000	14247.000	1.000	1.000	1.000
1884.000	4.000	2.000	2.000	15844.043	0.000	15292.000	21840.000	1.000	1.000	2.000
1885.000	2.000	1.000	1.000	35329.913	0.000	26118.000	39476.000	1.000	1.000	1.000
1886.000	1.000	0.000	1.000	123878.358	0.000	56035.000	10000000000.000	1.000	1.000	1.000
1887.000	54.000	51.000	3.000	5263.136	0.000	0.000	6000.000	1.000	3.000	12.000
1888.000	2.000	1.000	1.000	6347.504	0.000	6283.000	6876.000	1.000	1.000	1.000
1889.000	2.000	1.000	1.000	7259.261	0.000	7250.000	8224.000	1.000	1.000	1.000
1890.000	1.000	0.000	1.000	11336.741	0.000	11292.000	14247.000	1.000	1.000	1.000
1891.000	4.000	2.000	2.000	16655.497	0.000	15292.000	21840.000	1.000	2.000	1.000
1892.000	7.000	6.000	1.000	26136.018	0.000	26118.000	39476.000	1.000	1.000	2.000
1893.000	1.000	0.000	1.000	62802.504	0.000	56035.000	10000000000.000	1.000	1.000	1.000
1894.000	7.000	4.000	3.000	5495.273	0.000	0.000	6000.000	1.000	3.000	1.000
1895.000	2.000	1.000	1.000	6499.717	0.000	6283.000	6876.000	1.000	1.000	1.000
1896.000	2.000	1.000	1.000	7693.384	0.000	7250.000	8224.000	1.000	1.000	1.000
1897.000	2.000	1.000	1.000	9953.146	0.000	8765.000	10410.000	1.000	1.000	1.000
1898.000	2.000	1.000	1.000	11774.687	0.000	11292.000	14247.000	1.000	1.000	1.000
1899.000	4.000	2.000	2.000	16302.120	0.000	15292.000	21840.000	1.000	2.000	1.000
1900.000	10.000	6.000	4.000	36563.098	0.000	26118.000	39476.000	1.000	1.000	6.000
1901.000	1.000	0.000	1.000	64617.801	0.000	56035.000	10000000000.000	1.000	1.000	1.000
1902.000	2.000	1.000	1.000	5443.195	0.000	0.000	6000.000	1.000	1.000	1.000
1903.000	3.000	2.000	1.000	6526.548	0.000	6283.000	6876.000	1.000	1.000	1.000
1904.000	6.000	5.000	1.000	7877.728	0.000	7250.000	8224.000	1.000	1.000	1.000
1905.000	3.000	2.000	1.000	10341.773	0.000	8765.000	10410.000	1.000	1.000	1.000
1906.000	2.000	1.000	1.000	17645.000	0.000	15292.000	21840.000	1.000	1.000	1.000
1907.000	5.000	3.000	2.000	28370.756	0.000	26118.000	39476.000	1.000	1.000	3.000
1908.000	1.000	0.000	1.000	223884.018	0.000	56035.000	10000000000.000	1.000	1.000	1.000
1909.000	2.000	1.000	1.000	5210.758	0.000	0.000	6000.000	1.000	1.000	1.000
1910.000	4.000	3.000	1.000	6532.902	0.000	6283.000	6876.000	1.000	1.000	1.000
1911.000	3.000	2.000	1.000	7834.315	0.000	7250.000	8224.000	1.000	1.000	1.000
1912.000	5.000	3.000	2.000	9392.550	0.000	8765.000	10410.000	1.000	2.000	1.000
1913.000	8.000	5.000	3.000	12676.249	0.000	11292.000	14247.000	1.000	2.000	3.000
1914.000	7.000	4.000	3.000	21280.797	0.000	15292.000	21840.000	1.000	3.000	1.000
1915.000	18.000	12.000	6.000	37297.625	0.000	26118.000	39476.000	1.000	2.000	8.000
1916.000	2.000	0.000	2.000	118367.509	0.000	56035.000	10000000000.000	1.000	2.000	1.000
1917.000	2.000	1.000	1.000	5758.041	0.000	0.000	6000.000	1.000	1.000	1.000
1918.000	8.000	4.000	4.000	6512.161	0.000	6283.000	6876.000	1.000	1.000	6.000
1919.000	2.000	1.000	1.000	7960.934	0.000	7250.000	8224.000	1.000	1.000	1.000
1920.000	2.000	1.000	1.000	9803.821	0.000	8765.000	10410.000	1.000	1.000	1.000
1921.000	6.000	3.000	3.000	13673.429	0.000	11292.000	14247.000	1.000	3.000	1.000
1922.000	10.000	6.000	4.000	26472.730	0.000	26118.000	39476.000	1.000	1.000	6.000
1923.000	1.000	0.000	1.000	500929.519	0.000	56035.000	10000000000.000	1.000	1.000	1.000
1924.000	2.000	1.000	1.000	4194.670	0.000	0.000	6000.000	1.000	1.000	1.000
1925.000	10.000	5.000	5.000	6494.033	0.000	6283.000	6876.000	1.000	1.000	8.000
1926.000	3.000	2.000	1.000	7954.334	0.000	7250.000	8224.000	1.000	1.000	1.000
1927.000	16.000	8.000	8.000	8826.905	0.000	8765.000	10410.000	1.000	1.000	14.000
1928.000	2.000	1.000	1.000	14230.411	0.000	11292.000	14247.000	1.000	1.000	1.000
1929.000	2.000	1.000	1.000	18679.017	0.000	15292.000	21840.000	1.000	1.000	1.000
1930.000	7.000	4.000	3.000	39353.748	0.000	26118.000	39476.000	1.000	3.000	1.000
1931.000	1.000	0.000	1.000	212453.562	0.000	56035.000	10000000000.000	1.000	1.000	1.000
1932.000	4.000	2.000	2.000	5449.736	0.000	0.000	6000.000	1.000	2.000	1.000
1933.000	2.000	1.000	1.000	6492.060	0.000	6283.000	6876.000	1.000	1.000	1.000
1934.000	3.000	2.000	1.000	7644.886	0.000	7250.000	8224.000	1.000	1.000	1.000
1935.000	22.000	11.000	11.000	8861.535	0.000	8765.000	10410.000	1.000	1.000	20.000
1936.000	22.000	11.000	11.000	39063.325	0.000	11292.000	14247.000	0.000	1.000	20.000
1937.000	8.000	5.000	3.000	15396.018	0.000	15292.000	21840.000	1.000	3.000	1.000
1938.000	1.000	0.000	1.000	291607.794	0.000	56035.000	10000000000.000	1.000	1.000	1.000
1939.000	2.000	1.000	1.000	4937.482	0.000	0.000	6000.000	1.000	1.000	1.000
1940.000	1.000	0.000	1.000	6698.407	0.000	6283.000	6876.000	1.000	1.000	1.000
1941.000	2.000	1.000	1.000	7262.924	0.000	7250.000	8224.000	1.000	1.000	1.000
1942.000	2.000	1.000	1.000	9887.257	0.000	8765.000	10410.000	1.000	1.000	1.000
1943.000	2.000	1.000	1.000	13101.682	0.000	11292.000	14247.000	1.000	1.000	1.000
1944.000	2.000	1.000	1.000	16899.144	0.000	15292.000	21840.000	1.000	1.000	1.000
1945.000	1.000	0.000	1.000	28776.504	0.000	26118.000	39476.000	1.000	1.000	1.000
1946.000	1.000	0.000	1.000	303314.766	0.000	56035.000	10000000000.000	1.000	1.000	1.000
1947.000	4.000	2.000	2.000	5630.444	0.000	0.000	6000.000	1.000	2.000	1.000
1948.000	2.000	1.000	1.000	6648.287	0.000	6283.000	6876.000	1.000	1.000	1.000
1949.000	2.000	1.000	1.000	7343.703	0.000	7250.000	8224.000	1.000	1.000	1.000
1950.000	2.000	1.000	1.000	8940.260	0.000	8765.000	10410.000	1.000	1.000	1.000
1951.000	9.000	6.000	3.000	13628.540	0.000	11292.000	14247.000	1.000	3.000	1.000
1952.000	5.000	3.000	2.000	17129.529	0.000	15292.000	21840.000	1.000	1.000	3.000
1953.000	3.000	2.000	1.000	36059.262	0.000	26118.000	39476.000	1.000	1.000	1.000
1954.000	2.000	1.000	1.000	4994.707	0.000	0.000	6000.000	1.000	1.000	1.000
1955.000	2.000	1.000	1.000	6715.041	0.000	6283.000	6876.000	1.000	1.000	1.000
1700.000	2.000	1.000	1.000	8795.964	0.000	8765.000	10410.000	1.000	1.000	1.000
1701.000	22.000	11.000	11.000	9903.704	0.000	11292.000	14247.000	0.000	1.000	20.000
1702.000	2.000	1.000	1.000	17112.528	0.000	15292.000	21840.000	1.000	1.000	1.000
1703.000	6.000	3.000	3.000	34042.577	0.000	26118.000	39476.000	1.000	1.000	4.000
1704.000	2.000	0.000	2.000	64828.278	0.000	56035.000	10000000000.000	1.000	2.000	1.000
1705.000	2.000	1.000	1.000	5207.587	0.000	0.000	6000.000	1.000	1.000	1.000
1706.000	86.000	83.000	3.000	11081.303	0.000	6283.000	6876.000	0.000	3.000	20.000
1707.000	2.000	1.000	1.000	7252.746	0.000	7250.000	8224.000	1.000	1.000	1.000
1708.000	2.000	1.000	1.000	9897.315	0.000	8765.000	10410.000	1.000	1.000	1.000
1709.000	2.000	1.000	1.000	12401.201	0.000	11292.000	14247.000	1.000	1.000	1.000
1710.000	16.000	11.000	5.000	20307.408	0.000	15292.000	21840.000	1.000	3.000	5.000
1711.000	4.000	2.000	2.000	38523.251	0.000	26118.000	39476.000	1.000	1.000	2.000
1712.000	1.000	0.000	1.000	600821.577	0.000	56035.000	10000000000.000	1.000	1.000	1.000
1713.000	4.000	3.000	1.000	6505.544	0.000	6283.000	6876.000	1.000	1.000	1.000
1714.000	2.000	1.000	1.000	8031.796	0.000	7250.000	8224.000	1.000	1.000	1.000
1715.000	2.000	1.000	1.000	10345.551	0.000	8765.000	10410.000	1.000	1.000	1.000
1716.000	10.000	5.000	5.000	13352.262	0.000	11292.000	14247.000	1.000	1.000	8.000
1717.000	6.000	3.000	3.000	21598.706	0.000	15292.000	21840.000	1.000	1.000	3.000
1718.000	4.000	0.000	4.000	27323.367	0.000	26118.000	39476.000	1.000	1.000	1.000
1719.000	1.000	0.000	1.000	488357.119	0.000	56035.000	10000000000.000	1.000	1.000	1.000
1720.000	2.000	1.000	1.000	4946.212	0.000	0.000	6000.000	1.000	1.000	1.000
1721.000	2.000	1.000	1.000	6321.318	0.000	6283.000	6876.000	1.000	1.000	1.000
1722.000	2.000	1.000	1.000	7462.546	0.000	7250.000	8224.000	1.000	1.000	1.000
1723.000	4.000	2.000	2.000	8940.879	0.000	8765.000	10410.000	1.000	1.000	2.000
1724.000	10.000	7.000	3.000	13995.677	0.000	11292.000	14247.000	1.000	3.000	1.000
1725.000	6.000	3.000	3.000	17329.646	0.000	15292.000	21840.000	1.000	2.000	2.000
1726.000	9.000	5.000	4.000	37880.128	0.000	26118.000	39476.000	1.000	1.000	6.000
1727.000	1.000	0.000	1.000	61891.854	0.000	56035.000	10000000000.000	1.000	1.000	1.000
1728.000	2.000	1.000	1.000	4895.696	0.000	0.000	6000.000	1.000	1.000	1.000
1729.000	3.000	2.000	1.000	7866.430	0.000	7250.000	8224.000	1.000	1.000	1.000
1730.000	22.000	0.000	22.000	8796.853	0.000	8765.000	10410.000	1.000	1.000	1.000
1731.000	5.000	3.000	2.000	11337.479	0.000	11292.000	14247.000	1.000	2.000	1.000
1732.000	14.000	8.000	6.000	17773.127	0.000	15292.000	21840.000	1.000	2.000	8.000
1733.000	9.000	6.000	3.000	27341.384	0.000	26118.000	39476.000	1.000	2.000	3.000
1734.000	3.000	0.000	3.000	101855.943	0.000	56035.000	10000000000.000	1.000	3.000	1.000
1735.000	2.000	1.000	1.000	4700.686	0.000	0.000	6000.000	1.000	1.000	1.000
1736.000	4.000	2.000	2.000	6642.378	0.000	6283.000	6876.000	1.000	2.000	1.000
1737.000	6.000	5.000	1.000	8032.463	0.000	7250.000	8224.000	1.000	1.000	1.000
1738.000	2.000	1.000	1.000	9488.918	0.000	8765.000	10410.000	1.000	1.000	1.000
1739.000	2.000	1.000	1.000	14140.859	0.000	11292.000	14247.000	1.000	1.000	1.000
1740.000	6.000	3.000	3.000	19505.848	0.000	15292.000	21840.000	1.000	2.000	2.000
1741.000	2.000	1.000	1.000	34711.968	0.000	26118.000	39476.000	1.000	1.000	1.000
1742.000	1.000	0.000	1.000	1554199.107	0.000	56035.000	10000000000.000	1.000	1.000	1.000
1743.000	2.000	1.000	1.000	5666.849	0.000	0.000	6000.000	1.000	1.000	1.000
1744.000	4.000	3.000	1.000	6679.421	0.000	6283.000	6876.000	1.000	1.000	1.000
1745.000	4.000	3.000	1.000	9283.968	0.000	8765.000	10410.000	1.000	1.000	1.000
1746.000	8.000	5.000	3.000	13684.496	0.000	11292.000	14247.000	1.000	3.000	1.000
1747.000	2.000	1.000	1.000	18785.404	0.000	15292.000	21840.000	1.000	1.000	1.000
1748.000	2.000	1.000	1.000	26259.965	0.000	26118.000	39476.000	1.000	1.000	1.000
1749.000	1.000	0.000	1.000	284625.603	0.000	56035.000	10000000000.000	1.000	1.000	1.000
1750.000	2.000	1.000	1.000	5208.218	0.000	0.000	6000.000	1.000	1.000	1.000
1751.000	2.000	1.000	1.000	6514.268	0.000	6283.000	6876.000	1.000	1.000	1.000
1752.000	2.000	1.000	1.000	7987.699	0.000	7250.000	8224.000	1.000	1.000	1.000
1753.000	2.000	1.000	1.000	9791.639	0.000	8765.000	10410.000	1.000	1.000	1.000
1754.000	5.000	3.000	2.000	14209.801	0.000	11292.000	14247.000	1.000	2.000	1.000
1755.000	2.000	1.000	1.000	21078.852	0.000	15292.000	21840.000	1.000	1.000	1.000
1756.000	1.000	0.000	1.000	26432.148	0.000	26118.000	39476.000	1.000	1.000	1.000
1757.000	1.000	0.000	1.000	91671.422	0.000	56035.000	10000000000.000	1.000	1.000	1.000
1758.000	2.000	1.000	1.000	4525.017	0.000	0.000	6000.000	1.000	1.000	1.000
1759.000	2.000	1.000	1.000	6868.627	0.000	6283.000	6876.000	1.000	1.000	1.000
1760.000	2.000	1.000	1.000	7512.039	0.000	7250.000	8224.000	1.000	1.000	1.000
1761.000	4.000	2.000	2.000	13552.917	0.000	11292.000	14247.000	1.000	2.000	1.000
1762.000	7.000	4.000	3.000	20953.185	0.000	15292.000	21840.000	1.000	3.000	1.000
1763.000	5.000	4.000	1.000	29057.876	0.000	26118.000	39476.000	1.000	1.000	1.000
1764.000	2.000	0.000	2.000	77014.130	0.000	56035.000	10000000000.000	1.000	2.000	1.000
1765.000	86.000	83.000	3.000	8431.776	0.000	0.000	6000.000	0.000	3.000	20.000
1766.000	12.000	9.000	3.000	6613.357	0.000	6283.000	6876.000	1.000	3.000	2.000
1767.000	4.000	2.000	2.000	7775.897	0.000	7250.000	8224.000	1.000	2.000	1.000
1768.000	33.000	1.000	32.000	9502.094	0.000	8765.000	10410.000	1.000	3.000	2.000
1769.000	2.000	1.000	1.000	14146.545	0.000	11292.000	14247.000	1.000	1.000	1.000
1770.000	3.000	0.000	3.000	15869.960	0.000	15292.000	21840.000	1.000	3.000	1.000
1771.000	3.000	2.000	1.000	26158.985	0.000	26118.000	39476.000	1.000	1.000	1.000
1772.000	1.000	0.000	1.000	85880.364	0.000	56035.000	10000000000.000	1.000	1.000	1.000
1773.000	4.000	2.000	2.000	5751.936	0.000	0.000	6000.000	1.000	2.000	1.000
1774.000	86.000	83.000	3.000	8202.389	0.000	6283.000	6876.000	0.000	3.000	20.000
1775.000	11.000	6.000	5.000	7421.125	0.000	7250.000	8224.000	1.000	1.000	9.000
1776.000	2.000	1.000	1.000	9020.232	0.000	8765.000	10410.000	1.000	1.000	1.000
1777.000	16.000	13.000	3.000	20233.911	0.000	15292.000	21840.000	1.000	3.000	3.000
1778.000	8.000	2.000	6.000	38386.538	0.000	26118.000	39476.000	1.000	1.000	5.000
1779.000	1.000	0.000	1.000	111791.114	0.000	56035.000	10000000000.000	1.000	1.000	1.000
1780.000	2.000	1.000	1.000	5081.526	0.000	0.000	6000.000	1.000	1.000	1.000
1781.000	7.000	4.000	3.000	6617.831	0.000	6283.000	6876.000	1.000	3.000	1.000
1782.000	15.000	12.000	3.000	8155.965	0.000	7250.000	8224.000	1.000	3.000	3.000
1783.000	4.000	2.000	2.000	9029.048	0.000	8765.000	10410.000	1.000	1.000	2.000
1784.000	2.000	1.000	1.000	14070.707	0.000	11292.000	14247.000	1.000	1.000	1.000
1785.000	2.000	1.000	1.000	21665.615	0.000	15292.000	21840.000	1.000	1.000	1.000
1786.000	1.000	0.000	1.000	35820.435	0.000	26118.000	39476.000	1.000	1.000	1.000
1787.000	2.000	0.000	2.000	56452.730	0.000	56035.000	10000000000.000	1.000	2.000	1.000
1788.000	2.000	1.000	1.000	4902.324	0.000	0.000	6000.000	1.000	1.000	1.000
1789.000	1001.000	0.000	1001.000	3992.975	0.000	6283.000	6876.000	0.000	1.000	20.000
1790.000	2.000	1.000	1.000	7585.348	0.000	7250.000	8224.000	1.000	1.000	1.000
1791.000	2.000	1.000	1.000	9487.367	0.000	8765.000	10410.000	1.000	1.000	1.000
1792.000	2.000	1.000	1.000	11797.420	0.000	11292.000	14247.000	1.000	1.000	1.000
1793.000	6.000	4.000	2.000	29708.492	0.000	26118.000	39476.000	1.000	1.000	3.000
1794.000	1.000	0.000	1.000	112951.224	0.000	56035.000	10000000000.000	1.000	1.000	1.000
1795.000	2.000	1.000	1.000	4468.352	0.000	0.000	6000.000	1.000	1.000	1.000
1796.000	2.000	1.000	1.000	6745.604	0.000	6283.000	6876.000	1.000	1.000	1.000
1797.000	2.000	1.000	1.000	7950.830	0.000	7250.000	8224.000	1.000	1.000	1.000
1798.000	8.000	5.000	3.000	8891.214	0.000	8765.000	10410.000	1.000	3.000	1.000
1799.000	3.000	2.000	1.000	13083.423	0.000	11292.000	14247.000	1.000	1.000	1.000
1800.000	2.000	1.000	1.000	16302.730	0.000	15292.000	21840.000	1.000	1.000	1.000
1801.000	1.000	0.000	1.000	29053.028	0.000	26118.000	39476.000	1.000	1.000	1.000
1802.000	1.000	0.000	1.000	94310.038	0.000	56035.000	10000000000.000	1.000	1.000	1.000
1803.000	2.000	1.000	1.000	4796.262	0.000	0.000	6000.000	1.000	1.000	1.000
1804.000	4.000	2.000	2.000	6754.591	0.000	6283.000	6876.000	1.000	2.000	1.000
1805.000	14.000	7.000	7.000	7342.062	0.000	7250.000	8224.000	1.000	1.000	12.000
1806.000	2.000	1.000	1.000	9326.629	0.000	8765.000	10410.000	1.000	1.000	1.000
1807.000	2.000	1.000	1.000	13492.540	0.000	11292.000	14247.000	1.000	1.000	1.000
1808.000	10.000	7.000	3.000	16541.669	0.000	15292.000	21840.000	1.000	3.000	1.000
1809.000	1.000	0.000	1.000	300929.969	0.000	56035.000	10000000000.000	1.000	1.000	1.000
1810.000	2.000	1.000	1.000	5304.909	0.000	0.000	6000.000	1.000	1.000	1.000
1811.000	10.000	7.000	3.000	6684.498	0.000	6283.000	6876.000	1.000	3.000	1.000
1812.000	2.000	1.000	1.000	7415.264	0.000	7250.000	8224.000	1.000	1.000	1.000
1813.000	1.000	0.000	1.000	10021.246	0.000	8765.000	10410.000	1.000	1.000	1.000
1814.000	2.000	1.000	1.000	13316.629	0.000	11292.000	14247.000	1.000	1.000	1.000
1815.000	7.000	4.000	3.000	18683.325	0.000	15292.000	21840.000	1.000	2.000	2.000
1816.000	6.000	3.000	3.000	27241.091	0.000	26118.000	39476.000	1.000	1.000	4.000
1817.000	1.000	0.000	1.000	88674.678	0.000	56035.000	10000000000.000	1.000	1.000	1.000
1818.000	2.000	1.000	1.000	5460.835	0.000	0.000	6000.000	1.000	1.000	1.000
1819.000	2.000	1.000	1.000	6524.849	0.000	6283.000	6876.000	1.000	1.000	1.000
1820.000	7.000	5.000	2.000	7756.830	0.000	7250.000	8224.000	1.000	2.000	1.000
1821.000	11.000	8.000	3.000	9722.894	0.000	8765.000	10410.000	1.000	2.000	3.000
1822.000	1.000	0.000	1.000	11792.667	0.000	11292.000	14247.000	1.000	1.000	1.000
1823.000	4.000	2.000	2.000	20415.968	0.000	15292.000	21840.000	1.000	1.000	2.000
1824.000	2.000	1.000	1.000	29456.235	0.000	26118.000	39476.000	1.000	1.000	1.000
1825.000	2.000	1.000	1.000	5787.241	0.000	0.000	6000.000	1.000	1.000	1.000
1826.000	4.000	3.000	1.000	6669.292	0.000	6283.000	6876.000	1.000	1.000	1.000
1827.000	2.000	1.000	1.000	7829.314	0.000	7250.000	8224.000	1.000	1.000	1.000
1828.000	2.000	1.000	1.000	9300.355	0.000	8765.000	10410.000	1.000	1.000	1.000
1829.000	2.000	1.000	1.000	13638.253	0.000	11292.000	14247.000	1.000	1.000	1.000
1830.000	2.000	1.000	1.000	15397.788	0.000	15292.000	21840.000	1.000	1.000	1.000
1831.000	7.000	4.000	3.000	33737.557	0.000	26118.000	39476.000	1.000	3.000	1.000
1832.000	1.000	0.000	1.000	297714.631	0.000	56035.000	10000000000.000	1.000	1.000	1.000
1833.000	11.000	8.000	3.000	5921.777	0.000	0.000	6000.000	1.000	3.000	2.000
1834.000	86.000	83.000	3.000	11065.003	0.000	6283.000	6876.000	0.000	3.000	20.000
1835.000	2.000	1.000	1.000	8210.394	0.000	7250.000	8224.000	1.000	1.000	1.000
1836.000	10.000	7.000	3.000	9140.583	0.000	8765.000	10410.000	1.000	3.000	1.000
1837.000	5.000	3.000	2.000	13201.647	0.000	11292.000	14247.000	1.000	2.000	1.000
1838.000	15.000	9.000	6.000	15729.912	0.000	15292.000	21840.000	1.000	2.000	9.000
1839.000	5.000	3.000	2.000	26942.704	0.000	26118.000	39476.000	1.000	1.000	2.000
1840.000	1.000	0.000	1.000	169602.834	0.000	56035.000	10000000000.000	1.000	1.000	1.000
1841.000	14.000	11.000	3.000	6562.814	0.000	6283.000	6876.000	1.000	3.000	2.000
1842.000	9.000	6.000	3.000	7680.220	0.000	7250.000	8224.000	1.000	3.000	1.000
1843.000	5.000	3.000	2.000	10050.917	0.000	8765.000	10410.000	1.000	2.000	1.000
1844.000	21.000	18.000	3.000	14002.317	0.000	11292.000	14247.000	1.000	3.000	4.000
1845.000	36.000	0.000	36.000	15690.229	0.000	15292.000	21840.000	1.000	3.000	1.000
1846.000	10.000	5.000	5.000	33273.443	0.000	26118.000	39476.000	1.000	3.000	4.000
1847.000	1.000	0.000	1.000	313357.034	0.000	56035.000	10000000000.000	1.000	1.000	1.000
1848.000	2.000	1.000	1.000	5401.360	0.000	0.000	6000.000	1.000	1.000	1.000
1849.000	4.000	2.000	2.000	6868.627	0.000	6283.000	6876.000	1.000	2.000	1.000
1850.000	6.000	3.000	3.000	8030.185	0.000	7250.000	8224.000	1.000	3.000	1.000
1851.000	6.000	4.000	2.000	8980.299	0.000	8765.000	10410.000	1.000	1.000	3.000
1852.000	9.000	6.000	3.000	12864.799	0.000	11292.000	14247.000	1.000	3.000	1.000
1853.000	2.000	1.000	1.000	18412.308	0.000	15292.000	21840.000	1.000	1.000	1.000
1854.000	6.000	3.000	3.000	32635.859	0.000	26118.000	39476.000	1.000	3.000	1.000
1855.000	1.000	0.000	1.000	138471.112	0.000	56035.000	10000000000.000	1.000	1.000	1.000
1856.000	24.000	21.000	3.000	5635.354	0.000	0.000	6000.000	1.000	3.000	5.000
1857.000	13.000	10.000	3.000	8066.282	0.000	7250.000	8224.000	1.000	3.000	2.000
1858.000	6.000	3.000	3.000	9747.765	0.000	8765.000	10410.000	1.000	3.000	1.000
1859.000	5.000	4.000	1.000	12929.270	0.000	11292.000	14247.000	1.000	1.000	1.000
1860.000	2.000	1.000	1.000	18698.672	0.000	15292.000	21840.000	1.000	1.000	1.000
1861.000	7.000	3.000	4.000	26253.037	0.000	26118.000	39476.000	1.000	1.000	3.000
1862.000	1.000	0.000	1.000	99558.769	0.000	56035.000	10000000000.000	1.000	1.000	1.000
1863.000	2.000	1.000	1.000	4569.794	0.000	0.000	6000.000	1.000	1.000	1.000
1864.000	3.000	2.000	1.000	6633.156	0.000	6283.000	6876.000	1.000	1.000	1.000
1865.000	8.000	5.000	3.000	7951.138	0.000	7250.000	8224.000	1.000	3.000	1.000
1866.000	4.000	3.000	1.000	10049.438	0.000	8765.000	10410.000	1.000	1.000	1.000
1867.000	6.000	3.000	3.000	13568.863	0.000	11292.000	14247.000	1.000	3.000	1.000
1868.000	2.000	1.000	1.000	21540.866	0.000	15292.000	21840.000	1.000	1.000	1.000
1869.000	6.000	3.000	3.000	38445.859	0.000	26118.000	39476.000	1.000	2.000	2.000
1870.000	1.000	0.000	1.000	111794.702	0.000	56035.000	10000000000.000	1.000	1.000	1.000
1871.000	2.000	1.000	1.000	5002.836	0.000	0.000	6000.000	1.000	1.000	1.000
1872.000	2.000	1.000	1.000	6628.599	0.000	6283.000	6876.000	1.000	1.000	1.000
1873.000	5.000	3.000	2.000	9766.598	0.000	8765.000	10410.000	1.000	2.000	1.000
1874.000	4.000	2.000	2.000	13874.804	0.000	11292.000	14247.000	1.000	2.000	1.000
1875.000	9.000	5.000	4.000	15470.559	0.000	15292.000	21840.000	1.000	3.000	3.000
1876.000	2.000	1.000	1.000	30175.651	0.000	26118.000	39476.000	1.000	1.000	1.000
1877.000	2.000	0.000	2.000	460526.649	0.000	56035.000	10000000000.000	1.000	2.000	1.000
1878.000	2.000	1.000	1.000	4511.454	0.000	0.000	6000.000	1.000	1.000	1.000
1879.000	4.000	2.000	2.000	6812.644	0.000	6283.000	6876.000	1.000	2.000	1.000
1880.000	86.000	83.000	3.000	9375.156	0.000	7250.000	8224.000	0.000	3.000	20.000
1881.000	8.000	5.000	3.000	9974.353	0.000	8765.000	10410.000	1.000	3.000	1.000
1882.000	3.000	2.000	1.000	12341.440	0.000	11292.000	14247.000	1.000	1.000	1.000
1883.000	2.000	1.000	1.000	16517.742	0.000	15292.000	21840.000	1.000	1.000	1.000
1884.000	2.000	1.000	1.000	37051.233	0.000	26118.000	39476.000	1.000	1.000	1.000
1885.000	1.000	0.000	1.000	204339.320	0.000	56035.000	10000000000.000	1.000	1.000	1.000
1886.000	2.000	1.000	1.000	5002.354	0.000	0.000	6000.000	1.000	1.000	1.000
1887.000	2.000	1.000	1.000	6521.086	0.000	6283.000	6876.000	1.000	1.000	1.000
1888.000	2.000	1.000	1.000	7803.843	0.000	7250.000	8224.000	1.000	1.000	1.000
1889.000	2.000	1.000	1.000	13592.480	0.000	11292.000	14247.000	1.000	1.000	1.000
1890.000	1.000	0.000	1.000	15335.753	0.000	15292.000	21840.000	1.000	1.000	1.000
1891.000	2.000	1.000	1.000	38329.087	0.000	26118.000	39476.000	1.000	1.000	1.000
1892.000	1.000	0.000	1.000	130029.266	0.000	56035.000	10000000000.000	1.000	1.000	1.000
1893.000	2.000	1.000	1.000	4709.846	0.000	0.000	6000.000	1.000	1.000	1.000
1894.000	9.000	6.000	3.000	6814.430	0.000	6283.000	6876.000	1.000	3.000	1.000
1895.000	4.000	2.000	2.000	7361.289	0.000	7250.000	8224.000	1.000	1.000	2.000
1896.000	22.000	11.000	11.000	7095.984	0.000	8765.000	10410.000	0.000	1.000	20.000
1897.000	2.000	1.000	1.000	12258.692	0.000	11292.000	14247.000	1.000	1.000	1.000
1898.000	2.000	1.000	1.000	21428.615	0.000	15292.000	21840.000	1.000	1.000	1.000
1899.000	10.000	7.000	3.000	31928.316	0.000	26118.000	39476.000	1.000	3.000	1.000
1900.000	1.000	0.000	1.000	195793.116	0.000	56035.000	10000000000.000	1.000	1.000	1.000
1901.000	2.000	1.000	1.000	4810.299	0.000	0.000	6000.000	1.000	1.000	1.000
1902.000	20.000	10.000	10.000	6516.499	0.000	6283.000	6876.000	1.000	1.000	18.000
1903.000	3.000	2.000	1.000	7585.513	0.000	7250.000	8224.000	1.000	1.000	1.000
1904.000	3.000	2.000	1.000	10232.095	0.000	8765.000	10410.000	1.000	1.000	1.000
1905.000	6.000	3.000	3.000	20426.265	0.000	15292.000	21840.000	1.000	3.000	1.000
1906.000	2.000	1.000	1.000	30112.256	0.000	26118.000	39476.000	1.000	1.000	1.000
1907.000	1.000	0.000	1.000	139894.922	0.000	56035.000	10000000000.000	1.000	1.000	1.000
1908.000	2.000	1.000	1.000	4696.484	0.000	0.000	6000.000	1.000	1.000	1.000
1909.000	3.000	2.000	1.000	6862.091	0.000	6283.000	6876.000	1.000	1.000	1.000
1910.000	9.000	6.000	3.000	7753.912	0.000	7250.000	8224.000	1.000	3.000	1.000
1911.000	5.000	3.000	2.000	10013.266	0.000	8765.000	10410.000	1.000	2.000	1.000
1912.000	6.000	3.000	3.000	14058.155	0.000	11292.000	14247.000	1.000	2.000	2.000
1913.000	5.000	3.000	2.000	17243.251	0.000	15292.000	21840.000	1.000	2.000	1.000
1914.000	4.000	2.000	2.000	36479.997	0.000	26118.000	39476.000	1.000	2.000	1.000
1915.000	1.000	0.000	1.000	259922.655	0.000	56035.000	10000000000.000	1.000	1.000	1.000
1916.000	2.000	1.000	1.000	4820.965	0.000	0.000	6000.000	1.000	1.000	1.000
1917.000	3.000	2.000	1.000	6521.098	0.000	6283.000	6876.000	1.000	1.000	1.000
1918.000	7.000	4.000	3.000	7692.093	0.000	7250.000	8224.000	1.000	1.000	4.000
1919.000	2.000	1.000	1.000	10286.004	0.000	8765.000	10410.000	1.000	1.000	1.000
1920.000	2.000	1.000	1.000	13923.447	0.000	11292.000	14247.000	1.000	1.000	1.000
1921.000	6.000	3.000	3.000	33158.455	0.000	26118.000	39476.000	1.000	3.000	1.000
1922.000	1.000	0.000	1.000	391564.163	0.000	56035.000	10000000000.000	1.000	1.000	1.000
1923.000	2.000	1.000	1.000	4554.365	0.000	0.000	6000.000	1.000	1.000	1.000
1924.000	22.000	11.000	11.000	5906.012	0.000	6283.000	6876.000	0.000	1.000	20.000
1925.000	2.000	1.000	1.000	7619.099	0.000	7250.000	8224.000	1.000	1.000	1.000
1926.000	9.000	6.000	3.000	9507.386	0.000	8765.000	10410.000	1.000	3.000	1.000
1927.000	12.000	6.000	6.000	11629.108	0.000	11292.000	14247.000	1.000	2.000	8.000
1928.000	2.000	1.000	1.000	16689.176	0.000	15292.000	21840.000	1.000	1.000	1.000
1929.000	3.000	2.000	1.000	27561.856	0.000	26118.000	39476.000	1.000	1.000	1.000
1930.000	1.000	0.000	1.000	207479.818	0.000	56035.000	10000000000.000	1.000	1.000	1.000
1931.000	2.000	1.000	1.000	4531.652	0.000	0.000	6000.000	1.000	1.000	1.000
1932.000	2.000	1.000	1.000	6421.702	0.000	6283.000	6876.000	1.000	1.000	1.000
1933.000	2.000	1.000	1.000	8100.520	0.000	7250.000	8224.000	1.000	1.000	1.000
1934.000	2.000	1.000	1.000	9517.466	0.000	8765.000	10410.000	1.000	1.000	1.000
1935.000	22.000	11.000	11.000	10110.113	0.000	11292.000	14247.000	0.000	1.000	20.000
1936.000	2.000	1.000	1.000	20839.726	0.000	15292.000	21840.000	1.000	1.000	1.000
1937.000	1.000	0.000	1.000	61870.965	0.000	56035.000	10000000000.000	1.000	1.000	1.000
1938.000	2.000	1.000	1.000	5864.465	0.000	0.000	6000.000	1.000	1.000	1.000
1939.000	2.000	1.000	1.000	6843.391	0.000	6283.000	6876.000	1.000	1.000	1.000
1940.000	1.000	0.000	1.000	8053.227	0.000	7250.000	8224.000	1.000	1.000	1.000
1941.000	2.000	1.000	1.000	10168.348	0.000	8765.000	10410.000	1.000	1.000	1.000
1942.000	2.000	1.000	1.000	13416.554	0.000	11292.000	14247.000	1.000	1.000	1.000
1943.000	6.000	3.000	3.000	20267.349	0.000	15292.000	21840.000	1.000	1.000	4.000
1944.000	2.000	1.000	1.000	32011.361	0.000	26118.000	39476.000	1.000	1.000	1.000
1945.000	2.000	0.000	2.000	68972.317	0.000	56035.000	10000000000.000	1.000	2.000	1.000
1946.000	2.000	1.000	1.000	5784.732	0.000	0.000	6000.000	1.000	1.000	1.000
1947.000	30.000	27.000	3.000	6842.718	0.000	6283.000	6876.000	1.000	3.000	6.000
1948.000	2.000	1.000	1.000	7712.550	0.000	7250.000	8224.000	1.000	1.000	1.000
1949.000	9.000	6.000	3.000	9613.747	0.000	8765.000	10410.000	1.000	3.000	1.000
1950.000	7.000	4.000	3.000	13551.494	0.000	11292.000	14247.000	1.000	2.000	3.000
1951.000	4.000	2.000	2.000	15718.837	0.000	15292.000	21840.000	1.000	2.000	1.000
1952.000	3.000	2.000	1.000	29196.719	0.000	26118.000	39476.000	1.000	1.000	1.000
1953.000	2.000	1.000	1.000	4537.928	0.000	0.000	6000.000	1.000	1.000	1.000
1954.000	7.000	4.000	3.000	6515.609	0.000	6283.000	6876.000	1.000	3.000	1.000
1955.000	2.000	1.000	1.000	8129.770	0.000	7250.000	8224.000	1.000	1.000	1.000
1700.000	8.000	4.000	4.000	11385.547	0.000	11292.000	14247.000	1.000	1.000	6.000
1701.000	9.000	5.000	4.000	15550.336	0.000	15292.000	21840.000	1.000	1.000	6.000
1702.000	2.000	1.000	1.000	35499.517	0.000	26118.000	39476.000	1.000	1.000	1.000
1703.000	1.000	0.000	1.000	206925.125	0.000	56035.000	10000000000.000	1.000	1.000	1.000
1704.000	2.000	1.000	1.000	4707.376	0.000	0.000	6000.000	1.000	1.000	1.000
1705.000	2.000	1.000	1.000	6641.846	0.000	6283.000	6876.000	1.000	1.000	1.000
1706.000	86.000	83.000	3.000	10977.676	0.000	7250.000	8224.000	0.000	3.000	20.000
1707.000	2.000	1.000	1.000	8969.453	0.000	8765.000	10410.000	1.000	1.000	1.000
1708.000	4.000	2.000	2.000	11908.506	0.000	11292.000	14247.000	1.000	2.000	1.000
1709.000	8.000	4.000	4.000	16118.491	0.000	15292.000	21840.000	1.000	1.000	6.000
1710.000	33.000	32.000	1.000	37046.110	0.000	26118.000	39476.000	1.000	1.000	8.000
1711.000	1.000	0.000	1.000	909627.025	0.000	56035.000	10000000000.000	1.000	1.000	1.000
1712.000	8.000	5.000	3.000	6710.875	0.000	6283.000	6876.000	1.000	3.000	1.000
1713.000	3.000	2.000	1.000	7347.576	0.000	7250.000	8224.000	1.000	1.000	1.000
1714.000	2.000	1.000	1.000	9949.535	0.000	8765.000	10410.000	1.000	1.000	1.000
1715.000	9.000	5.000	4.000	11728.574	0.000	11292.000	14247.000	1.000	3.000	3.000
1716.000	7.000	4.000	3.000	19706.935	0.000	15292.000	21840.000	1.000	3.000	1.000
1717.000	5.000	3.000	2.000	39304.453	0.000	26118.000	39476.000	1.000	1.000	2.000
1718.000	2.000	0.000	2.000	117461.350	0.000	56035.000	10000000000.000	1.000	2.000	1.000
1719.000	7.000	4.000	3.000	5687.698	0.000	0.000	6000.000	1.000	3.000	1.000
1720.000	2.000	1.000	1.000	6710.965	0.000	6283.000	6876.000	1.000	1.000	1.000
1721.000	22.000	11.000	11.000	6922.497	0.000	7250.000	8224.000	0.000	1.000	20.000
1722.000	2.000	1.000	1.000	9424.012	0.000	8765.000	10410.000	1.000	1.000	1.000
1723.000	2.000	1.000	1.000	12066.685	0.000	11292.000	14247.000	1.000	1.000	1.000
1724.000	6.000	4.000	2.000	15454.496	0.000	15292.000	21840.000	1.000	2.000	1.000
1725.000	2.000	1.000	1.000	32859.702	0.000	26118.000	39476.000	1.000	1.000	1.000
1726.000	1.000	0.000	1.000	83745.228	0.000	56035.000	10000000000.000	1.000	1.000	1.000
1727.000	4.000	2.000	2.000	4843.505	0.000	0.000	6000.000	1.000	2.000	1.000
1728.000	2.000	1.000	1.000	7318.305	0.000	7250.000	8224.000	1.000	1.000	1.000
1729.000	4.000	3.000	1.000	9078.447	0.000	8765.000	10410.000	1.000	1.000	1.000
1730.000	21.000	0.000	21.000	12947.678	0.000	11292.000	14247.000	1.000	2.000	1.000
1731.000	4.000	3.000	1.000	15924.379	0.000	15292.000	21840.000	1.000	1.000	1.000
1732.000	4.000	3.000	1.000	34543.963	0.000	26118.000	39476.000	1.000	1.000	1.000
1733.000	1.000	0.000	1.000	87362.396	0.000	56035.000	10000000000.000	1.000	1.000	1.000
1734.000	2.000	1.000	1.000	4725.957	0.000	0.000	6000.000	1.000	1.000	1.000
1735.000	4.000	2.000	2.000	6418.980	0.000	6283.000	6876.000	1.000	1.000	2.000
1736.000	3.000	2.000	1.000	7318.013	0.000	7250.000	8224.000	1.000	1.000	1.000
1737.000	4.000	2.000	2.000	9920.460	0.000	8765.000	10410.000	1.000	2.000	1.000
1738.000	4.000	2.000	2.000	13718.885	0.000	11292.000	14247.000	1.000	2.000	1.000
1739.000	2.000	1.000	1.000	21402.411	0.000	15292.000	21840.000	1.000	1.000	1.000
1740.000	2.000	1.000	1.000	36544.684	0.000	26118.000	39476.000	1.000	1.000	1.000
1741.000	2.000	0.000	2.000	61332.748	0.000	56035.000	10000000000.000	1.000	2.000	1.000
1742.000	2.000	1.000	1.000	5126.084	0.000	0.000	6000.000	1.000	1.000	1.000
1743.000	86.000	83.000	3.000	8240.075	0.000	6283.000	6876.000	0.000	3.000	20.000
1744.000	2.000	1.000	1.000	10238.652	0.000	8765.000	10410.000	1.000	1.000	1.000
1745.000	6.000	3.000	3.000	12500.500	0.000	11292.000	14247.000	1.000	3.000	1.000
1746.000	2.000	1.000	1.000	17889.519	0.000	15292.000	21840.000	1.000	1.000	1.000
1747.000	4.000	2.000	2.000	33091.667	0.000	26118.000	39476.000	1.000	2.000	1.000
1748.000	2.000	0.000	2.000	88719.854	0.000	56035.000	10000000000.000	1.000	2.000	1.000
1749.000	2.000	1.000	1.000	4573.730	0.000	0.000	6000.000	1.000	1.000	1.000
1750.000	2.000	1.000	1.000	6673.087	0.000	6283.000	6876.000	1.000	1.000	1.000
1751.000	2.000	1.000	1.000	7724.814	0.000	7250.000	8224.000	1.000	1.000	1.000
1752.000	6.000	4.000	2.000	9394.298	0.000	8765.000	10410.000	1.000	1.000	3.000
1753.000	3.000	0.000	3.000	12712.337	0.000	11292.000	14247.000	1.000	2.000	1.000
1754.000	2.000	1.000	1.000	15362.201	0.000	15292.000	21840.000	1.000	1.000	1.000
1755.000	11.000	6.000	5.000	28168.155	0.000	26118.000	39476.000	1.000	1.000	8.000
1756.000	2.000	0.000	2.000	120718.284	0.000	56035.000	10000000000.000	1.000	2.000	1.000
1757.000	2.000	1.000	1.000	4541.727	0.000	0.000	6000.000	1.000	1.000	1.000
1758.000	3.000	2.000	1.000	6361.102	0.000	6283.000	6876.000	1.000	1.000	1.000
1759.000	4.000	2.000	2.000	7390.184	0.000	7250.000	8224.000	1.000	1.000	2.000
1760.000	16.000	8.000	8.000	12570.792	0.000	11292.000	14247.000	1.000	1.000	14.000
1761.000	17.000	10.000	7.000	15374.814	0.000	15292.000	21840.000	1.000	2.000	10.000
1762.000	4.000	2.000	2.000	27372.325	0.000	26118.000	39476.000	1.000	2.000	1.000
1763.000	1.000	0.000	1.000	138262.232	0.000	56035.000	10000000000.000	1.000	1.000	1.000
1764.000	2.000	1.000	1.000	5343.068	0.000	0.000	6000.000	1.000	1.000	1.000
1765.000	3.000	2.000	1.000	6551.026	0.000	6283.000	6876.000	1.000	1.000	1.000
1766.000	13.000	10.000	3.000	8131.725	0.000	7250.000	8224.000	1.000	3.000	2.000
1767.000	2.000	1.000	1.000	8918.192	0.000	8765.000	10410.000	1.000	1.000	1.000
1768.000	33.000	0.000	33.000	13053.219	0.000	11292.000	14247.000	1.000	3.000	1.000
1769.000	8.000	4.000	4.000	15944.645	0.000	15292.000	21840.000	1.000	2.000	4.000
1770.000	36.000	0.000	36.000	31825.912	0.000	26118.000	39476.000	1.000	3.000	1.000
1771.000	1.000	0.000	1.000	86531.118	0.000	56035.000	10000000000.000	1.000	1.000	1.000
1772.000	2.000	1.000	1.000	4597.693	0.000	0.000	6000.000	1.000	1.000	1.000
1773.000	52.000	49.000	3.000	6827.655	0.000	6283.000	6876.000	1.000	3.000	12.000
1774.000	86.000	83.000	3.000	9628.257	0.000	7250.000	8224.000	0.000	3.000	20.000
1775.000	4.000	3.000	1.000	10385.871	0.000	8765.000	10410.000	1.000	1.000	1.000
1776.000	2.000	1.000	1.000	21510.401	0.000	15292.000	21840.000	1.000	1.000	1.000
1777.000	4.000	3.000	1.000	33573.651	0.000	26118.000	39476.000	1.000	1.000	1.000
1778.000	2.000	0.000	2.000	65438.498	0.000	56035.000	10000000000.000	1.000	2.000	1.000
1779.000	2.000	1.000	1.000	5298.799	0.000	0.000	6000.000	1.000	1.000	1.000
1780.000	8.000	5.000	3.000	6656.584	0.000	6283.000	6876.000	1.000	3.000	1.000
1781.000	4.000	2.000	2.000	7887.772	0.000	7250.000	8224.000	1.000	2.000	1.000
1782.000	10.000	7.000	3.000	9229.745	0.000	8765.000	10410.000	1.000	3.000	1.000
1783.000	4.000	2.000	2.000	13088.881	0.000	11292.000	14247.000	1.000	2.000	1.000
1784.000	5.000	3.000	2.000	17577.057	0.000	15292.000	21840.000	1.000	1.000	3.000
1785.000	2.000	1.000	1.000	29218.518	0.000	26118.000	39476.000	1.000	1.000	1.000
1786.000	2.000	0.000	2.000	120176.797	0.000	56035.000	10000000000.000	1.000	2.000	1.000
1787.000	6.000	3.000	3.000	5099.113	0.000	0.000	6000.000	1.000	3.000	1.000
1788.000	12.000	9.000	3.000	6676.041	0.000	6283.000	6876.000	1.000	3.000	2.000
1789.000	1003.000	0.000	1003.000	4119.082	0.000	7250.000	8224.000	0.000	3.000	20.000
1790.000	2.000	1.000	1.000	8995.700	0.000	8765.000	10410.000	1.000	1.000	1.000
1791.000	2.000	1.000	1.000	13050.040	0.000	11292.000	14247.000	1.000	1.000	1.000
1792.000	1.000	0.000	1.000	26851.933	0.000	26118.000	39476.000	1.000	1.000	1.000
1793.000	1.000	0.000	1.000	389462.511	0.000	56035.000	10000000000.000	1.000	1.000	1.000
1794.000	2.000	1.000	1.000	5004.460	0.000	0.000	6000.000	1.000	1.000	1.000
1795.000	2.000	1.000	1.000	6426.987	0.000	6283.000	6876.000	1.000	1.000	1.000
1796.000	2.000	1.000	1.000	7686.270	0.000	7250.000	8224.000	1.000	1.000	1.000
1797.000	6.000	3.000	3.000	9353.127	0.000	8765.000	10410.000	1.000	1.000	4.000
1798.000	2.000	1.000	1.000	13309.098	0.000	11292.000	14247.000	1.000	1.000	1.000
1799.000	3.000	2.000	1.000	18569.174	0.000	15292.000	21840.000	1.000	1.000	1.000
1800.000	2.000	1.000	1.000	33595.024	0.000	26118.000	39476.000	1.000	1.000	1.000
1801.000	2.000	0.000	2.000	133166.274	0.000	56035.000	10000000000.000	1.000	2.000	1.000
1802.000	2.000	1.000	1.000	4737.309	0.000	0.000	6000.000	1.000	1.000	1.000
1803.000	2.000	1.000	1.000	6371.179	0.000	6283.000	6876.000	1.000	1.000	1.000
1804.000	4.000	2.000	2.000	8160.743	0.000	7250.000	8224.000	1.000	2.000	1.000
1805.000	6.000	3.000	3.000	9802.165	0.000	8765.000	10410.000	1.000	1.000	4.000
1806.000	4.000	2.000	2.000	12671.545	0.000	11292.000	14247.000	1.000	1.000	2.000
1807.000	4.000	2.000	2.000	18049.439	0.000	15292.000	21840.000	1.000	1.000	2.000
1808.000	1.000	0.000	1.000	112346.428	0.000	56035.000	10000000000.000	1.000	1.000	1.000
1809.000	2.000	1.000	1.000	5334.916	0.000	0.000	6000.000	1.000	1.000	1.000
1810.000	5.000	3.000	2.000	6720.496	0.000	6283.000	6876.000	1.000	2.000	1.000
1811.000	8.000	5.000	3.000	7813.910	0.000	7250.000	8224.000	1.000	3.000	1.000
1812.000	16.000	8.000	8.000	9179.344	0.000	8765.000	10410.000	1.000	1.000	14.000
1813.000	1.000	0.000	1.000	13780.710	0.000	11292.000	14247.000	1.000	1.000	1.000
1814.000	6.000	3.000	3.000	15482.662	0.000	15292.000	21840.000	1.000	1.000	4.000
1815.000	27.000	0.000	27.000	34121.618	0.000	26118.000	39476.000	1.000	3.000	1.000
1816.000	1.000	0.000	1.000	77815.949	0.000	56035.000	10000000000.000	1.000	1.000	1.000
1817.000	2.000	1.000	1.000	5616.190	0.000	0.000	6000.000	1.000	1.000	1.000
1818.000	11.000	8.000	3.000	6717.333	0.000	6283.000	6876.000	1.000	3.000	2.000
1819.000	10.000	5.000	5.000	7550.356	0.000	7250.000	8224.000	1.000	1.000	8.000
1820.000	3.000	2.000	1.000	9585.542	0.000	8765.000	10410.000	1.000	1.000	1.000
1821.000	2.000	1.000	1.000	12245.935	0.000	11292.000	14247.000	1.000	1.000	1.000
1822.000	3.000	0.000	3.000	17954.905	0.000	15292.000	21840.000	1.000	3.000	1.000
1823.000	2.000	1.000	1.000	35431.985	0.000	26118.000	39476.000	1.000	1.000	1.000
1824.000	4.000	2.000	2.000	5751.813	0.000	0.000	6000.000	1.000	2.000	1.000
1825.000	5.000	3.000	2.000	6444.361	0.000	6283.000	6876.000	1.000	1.000	3.000
1826.000	2.000	1.000	1.000	8187.312	0.000	7250.000	8224.000	1.000	1.000	1.000
1827.000	10.000	7.000	3.000	9466.506	0.000	8765.000	10410.000	1.000	3.000	1.000
1828.000	5.000	3.000	2.000	12186.761	0.000	11292.000	14247.000	1.000	2.000	1.000
1829.000	2.000	1.000	1.000	15944.134	0.000	15292.000	21840.000	1.000	1.000	1.000
1830.000	1.000	0.000	1.000	35275.524	0.000	26118.000	39476.000	1.000	1.000	1.000
1831.000	1.000	0.000	1.000	165752.811	0.000	56035.000	10000000000.000	1.000	1.000	1.000
1832.000	2.000	1.000	1.000	5037.422	0.000	0.000	6000.000	1.000	1.000	1.000
1833.000	2.000	1.000	1.000	6610.633	0.000	6283.000	6876.000	1.000	1.000	1.000
1834.000	7.000	4.000	3.000	7592.756	0.000	7250.000	8224.000	1.000	3.000	1.000
1835.000	2.000	1.000	1.000	9433.048	0.000	8765.000	10410.000	1.000	1.000	1.000
1836.000	3.000	2.000	1.000	12027.848	0.000	11292.000	14247.000	1.000	1.000	1.000
1837.000	6.000	3.000	3.000	17200.248	0.000	15292.000	21840.000	1.000	2.000	2.000
1838.000	2.000	1.000	1.000	34809.452	0.000	26118.000	39476.000	1.000	1.000	1.000
1839.000	1.000	0.000	1.000	312934.720	0.000	56035.000	10000000000.000	1.000	1.000	1.000
1840.000	2.000	1.000	1.000	6740.904	0.000	6283.000	6876.000	1.000	1.000	1.000
1841.000	15.000	12.000	3.000	8077.694	0.000	7250.000	8224.000	1.000	3.000	3.000
1842.000	30.000	27.000	3.000	10222.185	0.000	8765.000	10410.000	1.000	3.000	6.000
1843.000	1.000	0.000	1.000	11516.025	0.000	11292.000	14247.000	1.000	1.000	1.000
1844.000	1.000	0.000	1.000	20497.429	0.000	15292.000	21840.000	1.000	1.000	1.000
1845.000	34.000	0.000	34.000	33200.493	0.000	26118.000	39476.000	1.000	3.000	1.000
1846.000	1.000	0.000	1.000	1699833.977	0.000	56035.000	10000000000.000	1.000	1.000	1.000
1847.000	2.000	1.000	1.000	5561.406	0.000	0.000	6000.000	1.000	1.000	1.000
1848.000	3.000	2.000	1.000	6360.277	0.000	6283.000	6876.000	1.000	1.000	1.000
1849.000	3.000	2.000	1.000	7774.699	0.000	7250.000	8224.000	1.000	1.000	1.000
1850.000	3.000	2.000	1.000	9536.594	0.000	8765.000	10410.000	1.000	1.000	1.000
1851.000	4.000	2.000	2.000	14059.744	0.000	11292.000	14247.000	1.000	2.000	1.000
1852.000	2.000	1.000	1.000	19554.910	0.000	15292.000	21840.000	1.000	1.000	1.000
1853.000	2.000	1.000	1.000	31198.733	0.000	26118.000	39476.000	1.000	1.000	1.000
1854.000	1.000	0.000	1.000	157536.019	0.000	56035.000	10000000000.000	1.000	1.000	1.000
1855.000	2.000	1.000	1.000	4710.101	0.000	0.000	6000.000	1.000	1.000	1.000
1856.000	2.000	1.000	1.000	7649.554	0.000	7250.000	8224.000	1.000	1.000	1.000
1857.000	3.000	2.000	1.000	10378.722	0.000	8765.000	10410.000	1.000	1.000	1.000
1858.000	6.000	3.000	3.000	12016.354	0.000	11292.000	14247.000	1.000	1.000	4.000
1859.000	15.000	10.000	5.000	18660.303	0.000	15292.000	21840.000	1.000	1.000	9.000
1860.000	16.000	10.000	6.000	31828.820	0.000	26118.000	39476.000	1.000	1.000	10.000
1861.000	2.000	0.000	2.000	94913.996	0.000	56035.000	10000000000.000	1.000	2.000	1.000
1862.000	2.000	1.000	1.000	4643.723	0.000	0.000	6000.000	1.000	1.000	1.000
1863.000	5.000	3.000	2.000	6448.883	0.000	6283.000	6876.000	1.000	2.000	1.000
1864.000	2.000	1.000	1.000	7822.491	0.000	7250.000	8224.000	1.000	1.000	1.000
1865.000	6.000	5.000	1.000	9091.646	0.000	8765.000	10410.000	1.000	1.000	1.000
1866.000	6.000	3.000	3.000	13349.857	0.000	11292.000	14247.000	1.000	3.000	1.000
1867.000	4.000	2.000	2.000	16156.474	0.000	15292.000	21840.000	1.000	2.000	1.000
1868.000	4.000	2.000	2.000	26324.867	0.000	26118.000	39476.000	1.000	1.000	2.000
1869.000	1.000	0.000	1.000	88058.150	0.000	56035.000	10000000000.000	1.000	1.000	1.000
1870.000	4.000	2.000	2.000	5369.319	0.000	0.000	6000.000	1.000	2.000	1.000
1871.000	2.000	1.000	1.000	6659.766	0.000	6283.000	6876.000	1.000	1.000	1.000
1872.000	7.000	4.000	3.000	9632.864	0.000	8765.000	10410.000	1.000	3.000	1.000
1873.000	4.000	2.000	2.000	12470.155	0.000	11292.000	14247.000	1.000	2.000	1.000
1874.000	2.000	1.000	1.000	18939.652	0.000	15292.000	21840.000	1.000	1.000	1.000
1875.000	4.000	2.000	2.000	30649.104	0.000	26118.000	39476.000	1.000	2.000	1.000
1876.000	1.000	0.000	1.000	626094.305	0.000	56035.000	10000000000.000	1.000	1.000	1.000
1877.000	4.000	2.000	2.000	5464.691	0.000	0.000	6000.000	1.000	2.000	1.000
1878.000	2.000	1.000	1.000	6456.857	0.000	6283.000	6876.000	1.000	1.000	1.000
1879.000	10.000	7.000	3.000	8220.122	0.000	7250.000	8224.000	1.000	3.000	1.000
1880.000	3.000	2.000	1.000	10332.109	0.000	8765.000	10410.000	1.000	1.000	1.000
1881.000	17.000	9.000	8.000	13531.855	0.000	11292.000	14247.000	1.000	3.000	10.000
1882.000	6.000	3.000	3.000	16467.682	0.000	15292.000	21840.000	1.000	2.000	2.000
1883.000	4.000	2.000	2.000	28306.886	0.000	26118.000	39476.000	1.000	2.000	1.000
1884.000	1.000	0.000	1.000	168267.250	0.000	56035.000	10000000000.000	1.000	1.000	1.000
1885.000	2.000	1.000	1.000	4659.908	0.000	0.000	6000.000	1.000	1.000	1.000
1886.000	2.000	1.000	1.000	6868.492	0.000	6283.000	6876.000	1.000	1.000	1.000
1887.000	2.000	1.000	1.000	7270.201	0.000	7250.000	8224.000	1.000	1.000	1.000
1888.000	9.000	5.000	4.000	11544.998	0.000	11292.000	14247.000	1.000	3.000	2.000
1889.000	10.000	5.000	5.000	15378.751	0.000	15292.000	21840.000	1.000	1.000	8.000
1890.000	39.000	0.000	39.000	37305.615	0.000	26118.000	39476.000	1.000	3.000	1.000
1891.000	1.000	0.000	1.000	72927.910	0.000	56035.000	10000000000.000	1.000	1.000	1.000
1892.000	2.000	1.000	1.000	4886.094	0.000	0.000	6000.000	1.000	1.000	1.000
1893.000	2.000	1.000	1.000	6366.183	0.000	6283.000	6876.000	1.000	1.000	1.000
1894.000	4.000	3.000	1.000	7547.673	0.000	7250.000	8224.000	1.000	1.000	1.000
1895.000	2.000	1.000	1.000	9387.993	0.000	8765.000	10410.000	1.000	1.000	1.000
1896.000	10.000	5.000	5.000	11754.064	0.000	11292.000	14247.000	1.000	1.000	8.000
1897.000	4.000	2.000	2.000	17553.936	0.000	15292.000	21840.000	1.000	2.000	1.000
1898.000	3.000	1.000	2.000	27253.454	0.000	26118.000	39476.000	1.000	1.000	2.000
1899.000	1.000	0.000	1.000	137097.575	0.000	56035.000	10000000000.000	1.000	1.000	1.000
1900.000	2.000	1.000	1.000	4444.898	0.000	0.000	6000.000	1.000	1.000	1.000
1901.000	5.000	3.000	2.000	6500.687	0.000	6283.000	6876.000	1.000	2.000	1.000
1902.000	4.000	2.000	2.000	7395.614	0.000	7250.000	8224.000	1.000	1.000	2.000
1903.000	4.000	2.000	2.000	9298.492	0.000	8765.000	10410.000	1.000	2.000	1.000
1904.000	9.000	6.000	3.000	15677.658	0.000	15292.000	21840.000	1.000	3.000	1.000
1905.000	8.000	4.000	4.000	35435.590	0.000	26118.000	39476.000	1.000	2.000	4.000
1906.000	1.000	0.000	1.000	122764.933	0.000	56035.000	10000000000.000	1.000	1.000	1.000
1907.000	2.000	1.000	1.000	5121.487	0.000	0.000	6000.000	1.000	1.000	1.000
1908.000	2.000	1.000	1.000	6733.111	0.000	6283.000	6876.000	1.000	1.000	1.000
1909.000	2.000	1.000	1.000	7832.113	0.000	7250.000	8224.000	1.000	1.000	1.000
1910.000	2.000	1.000	1.000	9256.679	0.000	8765.000	10410.000	1.000	1.000	1.000
1911.000	2.000	1.000	1.000	11873.431	0.000	11292.000	14247.000	1.000	1.000	1.000
1912.000	6.000	3.000	3.000	17348.204	0.000	15292.000	21840.000	1.000	1.000	4.000
1913.000	10.000	5.000	5.000	33495.837	0.000	26118.000	39476.000	1.000	2.000	5.000
1914.000	1.000	0.000	1.000	207814.064	0.000	56035.000	10000000000.000	1.000	1.000	1.000
1915.000	2.000	1.000	1.000	4733.362	0.000	0.000	6000.000	1.000	1.000	1.000
1916.000	2.000	1.000	1.000	6317.695	0.000	6283.000	6876.000	1.000	1.000	1.000
1917.000	2.000	1.000	1.000	7409.490	0.000	7250.000	8224.000	1.000	1.000	1.000
1918.000	2.000	1.000	1.000	9295.167	0.000	8765.000	10410.000	1.000	1.000	1.000
1919.000	2.000	1.000	1.000	11496.411	0.000	11292.000	14247.000	1.000	1.000	1.000
1920.000	2.000	1.000	1.000	34243.395	0.000	26118.000	39476.000	1.000	1.000	1.000
1921.000	1.000	0.000	1.000	428514.165	0.000	56035.000	10000000000.000	1.000	1.000	1.000
1922.000	2.000	1.000	1.000	5475.946	0.000	0.000	6000.000	1.000	1.000	1.000
1923.000	2.000	1.000	1.000	6662.530	0.000	6283.000	6876.000	1.000	1.000	1.000
1924.000	12.000	6.000	6.000	8185.195	0.000	7250.000	8224.000	1.000	2.000	8.000
1925.000	2.000	1.000	1.000	8951.634	0.000	8765.000	10410.000	1.000	1.000	1.000
1926.000	13.000	9.000	4.000	14109.981	0.000	11292.000	14247.000	1.000	3.000	3.000
1927.000	3.000	2.000	1.000	15496.646	0.000	15292.000	21840.000	1.000	1.000	1.000
1928.000	3.000	2.000	1.000	37201.219	0.000	26118.000	39476.000	1.000	1.000	1.000
1929.000	2.000	0.000	2.000	92923.643	0.000	56035.000	10000000000.000	1.000	2.000	1.000
1930.000	2.000	1.000	1.000	5796.265	0.000	0.000	6000.000	1.000	1.000	1.000
1931.000	6.000	5.000	1.000	6565.264	0.000	6283.000	6876.000	1.000	1.000	1.000
1932.000	22.000	11.000	11.000	6511.090	0.000	7250.000	8224.000	0.000	1.000	20.000
1933.000	8.000	5.000	3.000	9681.462	0.000	8765.000	10410.000	1.000	3.000	1.000
1934.000	7.000	4.000	3.000	13295.685	0.000	11292.000	14247.000	1.000	2.000	2.000
1935.000	17.000	8.000	9.000	18621.295	0.000	15292.000	21840.000	1.000	1.000	15.000
1936.000	1.000	0.000	1.000	507350.754	0.000	56035.000	10000000000.000	1.000	1.000	1.000
1937.000	2.000	1.000	1.000	5921.666	0.000	0.000	6000.000	1.000	1.000	1.000
1938.000	28.000	25.000	3.000	6717.022	0.000	6283.000	6876.000	1.000	3.000	6.000
1939.000	2.000	1.000	1.000	7631.268	0.000	7250.000	8224.000	1.000	1.000	1.000
1940.000	17.000	0.000	17.000	8979.373	0.000	8765.000	10410.000	1.000	1.000	1.000
1941.000	2.000	1.000	1.000	13293.706	0.000	11292.000	14247.000	1.000	1.000	1.000
1942.000	2.000	1.000	1.000	20986.516	0.000	15292.000	21840.000	1.000	1.000	1.000
1943.000	4.000	2.000	2.000	29065.393	0.000	26118.000	39476.000	1.000	1.000	2.000
1944.000	1.000	0.000	1.000	188227.613	0.000	56035.000	10000000000.000	1.000	1.000	1.000
1945.000	2.000	1.000	1.000	4954.028	0.000	0.000	6000.000	1.000	1.000	1.000
1946.000	4.000	3.000	1.000	6851.077	0.000	6283.000	6876.000	1.000	1.000	1.000
1947.000	18.000	15.000	3.000	8165.622	0.000	7250.000	8224.000	1.000	3.000	3.000
1948.000	2.000	1.000	1.000	9923.314	0.000	8765.000	10410.000	1.000	1.000	1.000
1949.000	5.000	3.000	2.000	12993.905	0.000	11292.000	14247.000	1.000	1.000	3.000
1950.000	6.000	3.000	3.000	15608.944	0.000	15292.000	21840.000	1.000	1.000	4.000
1951.000	4.000	2.000	2.000	29803.823	0.000	26118.000	39476.000	1.000	2.000	1.000
1952.000	2.000	1.000	1.000	5190.745	0.000	0.000	6000.000	1.000	1.000	1.000
1953.000	2.000	1.000	1.000	6588.649	0.000	6283.000	6876.000	1.000	1.000	1.000
1954.000	8.000	5.000	3.000	7961.370	0.000	7250.000	8224.000	1.000	3.000	1.000
1955.000	9.000	5.000	4.000	9568.005	0.000	8765.000	10410.000	1.000	1.000	7.000
1700.000	24.000	12.000	12.000	12285.285	0.000	15292.000	21840.000	0.000	2.000	20.000
1701.000	9.000	4.000	5.000	31154.362	0.000	26118.000	39476.000	1.000	1.000	7.000
1702.000	1.000	0.000	1.000	77002.212	0.000	56035.000	10000000000.000	1.000	1.000	1.000
1703.000	2.000	1.000	1.000	5559.391	0.000	0.000	6000.000	1.000	1.000	1.000
1704.000	4.000	2.000	2.000	6766.099	0.000	6283.000	6876.000	1.000	2.000	1.000
1705.000	2.000	1.000	1.000	8071.647	0.000	7250.000	8224.000	1.000	1.000	1.000
1706.000	15.000	12.000	3.000	10113.841	0.000	8765.000	10410.000	1.000	3.000	3.000
1707.000	7.000	2.000	5.000	13533.906	0.000	11292.000	14247.000	1.000	1.000	3.000
1708.000	9.000	5.000	4.000	18384.706	0.000	15292.000	21840.000	1.000	2.000	5.000
1709.000	6.000	3.000	3.000	33197.645	0.000	26118.000	39476.000	1.000	3.000	1.000
1710.000	1.000	0.000	1.000	79497.947	0.000	56035.000	10000000000.000	1.000	1.000	1.000
1711.000	7.000	4.000	3.000	6637.441	0.000	6283.000	6876.000	1.000	3.000	1.000
1712.000	6.000	4.000	2.000	8087.710	0.000	7250.000	8224.000	1.000	2.000	1.000
1713.000	2.000	1.000	1.000	9945.302	0.000	8765.000	10410.000	1.000	1.000	1.000
1714.000	3.000	2.000	1.000	12549.685	0.000	11292.000	14247.000	1.000	1.000	1.000
1715.000	8.000	5.000	3.000	16562.120	0.000	15292.000	21840.000	1.000	3.000	1.000
1716.000	6.000	3.000	3.000	27099.929	0.000	26118.000	39476.000	1.000	1.000	4.000
1717.000	1.000	0.000	1.000	95439.360	0.000	56035.000	10000000000.000	1.000	1.000	1.000
1718.000	2.000	1.000	1.000	5776.252	0.000	0.000	6000.000	1.000	1.000	1.000
1719.000	21.000	18.000	3.000	6861.861	0.000	6283.000	6876.000	1.000	3.000	4.000
1720.000	2.000	1.000	1.000	7355.272	0.000	7250.000	8224.000	1.000	1.000	1.000
1721.000	22.000	11.000	11.000	7733.012	0.000	8765.000	10410.000	0.000	1.000	20.000
1722.000	6.000	3.000	3.000	11638.978	0.000	11292.000	14247.000	1.000	1.000	4.000
1723.000	5.000	3.000	2.000	16037.445	0.000	15292.000	21840.000	1.000	2.000	1.000
1724.000	5.000	4.000	1.000	32862.803	0.000	26118.000	39476.000	1.000	1.000	1.000
1725.000	1.000	0.000	1.000	108371.884	0.000	56035.000	10000000000.000	1.000	1.000	1.000
1726.000	2.000	1.000	1.000	5588.946	0.000	0.000	6000.000	1.000	1.000	1.000
1727.000	4.000	2.000	2.000	7843.666	0.000	7250.000	8224.000	1.000	2.000	1.000
1728.000	6.000	3.000	3.000	9243.070	0.000	8765.000	10410.000	1.000	1.000	4.000
1729.000	2.000	1.000	1.000	11673.775	0.000	11292.000	14247.000	1.000	1.000	1.000
1730.000	5.000	0.000	5.000	16304.562	0.000	15292.000	21840.000	1.000	3.000	1.000
1731.000	9.000	6.000	3.000	37481.858	0.000	26118.000	39476.000	1.000	3.000	1.000
1732.000	1.000	0.000	1.000	198878.760	0.000	56035.000	10000000000.000	1.000	1.000	1.000
1733.000	2.000	1.000	1.000	4288.816	0.000	0.000	6000.000	1.000	1.000	1.000
1734.000	29.000	26.000	3.000	6837.654	0.000	6283.000	6876.000	1.000	3.000	6.000
1735.000	2.000	1.000	1.000	7849.270	0.000	7250.000	8224.000	1.000	1.000	1.000
1736.000	15.000	8.000	7.000	9230.846	0.000	8765.000	10410.000	1.000	3.000	9.000
1737.000	7.000	5.000	2.000	13987.359	0.000	11292.000	14247.000	1.000	1.000	3.000
1738.000	2.000	1.000	1.000	15705.795	0.000	15292.000	21840.000	1.000	1.000	1.000
1739.000	4.000	3.000	1.000	33315.773	0.000	26118.000	39476.000	1.000	1.000	1.000
1740.000	1.000	0.000	1.000	87829.434	0.000	56035.000	10000000000.000	1.000	1.000	1.000
1741.000	4.000	2.000	2.000	5317.592	0.000	0.000	6000.000	1.000	2.000	1.000
1742.000	14.000	11.000	3.000	6769.123	0.000	6283.000	6876.000	1.000	3.000	2.000
1743.000	86.000	83.000	3.000	17465.821	0.000	8765.000	10410.000	0.000	3.000	20.000
1744.000	9.000	6.000	3.000	14172.160	0.000	11292.000	14247.000	1.000	3.000	1.000
1745.000	6.000	3.000	3.000	17717.615	0.000	15292.000	21840.000	1.000	1.000	4.000
1746.000	9.000	5.000	4.000	29864.388	0.000	26118.000	39476.000	1.000	3.000	3.000
1747.000	1.000	0.000	1.000	152041.376	0.000	56035.000	10000000000.000	1.000	1.000	1.000
1748.000	2.000	1.000	1.000	4941.391	0.000	0.000	6000.000	1.000	1.000	1.000
1749.000	2.000	1.000	1.000	6625.119	0.000	6283.000	6876.000	1.000	1.000	1.000
1750.000	2.000	1.000	1.000	7556.056	0.000	7250.000	8224.000	1.000	1.000	1.000
1751.000	5.000	3.000	2.000	9517.050	0.000	8765.000	10410.000	1.000	1.000	3.000
1752.000	4.000	2.000	2.000	13426.898	0.000	11292.000	14247.000	1.000	2.000	1.000
1753.000	3.000	0.000	3.000	18901.520	0.000	15292.000	21840.000	1.000	3.000	1.000
1754.000	2.000	1.000	1.000	28097.938	0.000	26118.000	39476.000	1.000	1.000	1.000
1755.000	1.000	0.000	1.000	123979.779	0.000	56035.000	10000000000.000	1.000	1.000	1.000
1756.000	6.000	3.000	3.000	5938.659	0.000	0.000	6000.000	1.000	3.000	1.000
1757.000	4.000	3.000	1.000	6723.765	0.000	6283.000	6876.000	1.000	1.000	1.000
1758.000	2.000	1.000	1.000	7822.087	0.000	7250.000	8224.000	1.000	1.000	1.000
1759.000	2.000	1.000	1.000	13008.075	0.000	11292.000	14247.000	1.000	1.000	1.000
1760.000	10.000	5.000	5.000	17254.526	0.000	15292.000	21840.000	1.000	1.000	8.000
1761.000	20.000	12.000	8.000	39043.182	0.000	26118.000	39476.000	1.000	1.000	14.000
1762.000	1.000	0.000	1.000	465387.899	0.000	56035.000	10000000000.000	1.000	1.000	1.000
1763.000	2.000	1.000	1.000	5357.146	0.000	0.000	6000.000	1.000	1.000	1.000
1764.000	10.000	7.000	3.000	6771.808	0.000	6283.000	6876.000	1.000	3.000	1.000
1765.000	6.000	3.000	3.000	7431.085	0.000	7250.000	8224.000	1.000	1.000	4.000
1766.000	26.000	23.000	3.000	10342.755	0.000	8765.000	10410.000	1.000	3.000	5.000
1767.000	4.000	3.000	1.000	12223.715	0.000	11292.000	14247.000	1.000	1.000	1.000
1768.000	42.000	0.000	42.000	15799.124	0.000	15292.000	21840.000	1.000	3.000	1.000
1769.000	4.000	2.000	2.000	28323.460	0.000	26118.000	39476.000	1.000	2.000	1.000
1770.000	42.000	0.000	42.000	76703.754	0.000	56035.000	10000000000.000	1.000	3.000	1.000
1771.000	2.000	1.000	1.000	5689.714	0.000	0.000	6000.000	1.000	1.000	1.000
1772.000	8.000	5.000	3.000	6318.153	0.000	6283.000	6876.000	1.000	3.000	1.000
1773.000	2.000	1.000	1.000	8107.798	0.000	7250.000	8224.000	1.000	1.000	1.000
1774.000	86.000	83.000	3.000	19912.780	0.000	8765.000	10410.000	0.000	3.000	20.000
1775.000	6.000	3.000	3.000	19637.933	0.000	15292.000	21840.000	1.000	3.000	1.000
1776.000	10.000	7.000	3.000	30132.836	0.000	26118.000	39476.000	1.000	3.000	1.000
1777.000	1.000	0.000	1.000	141250.867	0.000	56035.000	10000000000.000	1.000	1.000	1.000
1778.000	2.000	1.000	1.000	5379.228	0.000	0.000	6000.000	1.000	1.000	1.000
1779.000	15.000	12.000	3.000	6779.862	0.000	6283.000	6876.000	1.000	3.000	3.000
1780.000	2.000	1.000	1.000	7546.904	0.000	7250.000	8224.000	1.000	1.000	1.000
1781.000	7.000	4.000	3.000	9829.497	0.000	8765.000	10410.000	1.000	3.000	1.000
1782.000	8.000	5.000	3.000	13971.760	0.000	11292.000	14247.000	1.000	3.000	1.000
1783.000	4.000	2.000	2.000	19649.899	0.000	15292.000	21840.000	1.000	1.000	2.000
1784.000	12.000	9.000	3.000	30070.400	0.000	26118.000	39476.000	1.000	1.000	5.000
1785.000	1.000	0.000	1.000	598241.616	0.000	56035.000	10000000000.000	1.000	1.000	1.000
1786.000	2.000	1.000	1.000	5486.910	0.000	0.000	6000.000	1.000	1.000	1.000
1787.000	23.000	20.000	3.000	6825.139	0.000	6283.000	6876.000	1.000	3.000	5.000
1788.000	6.000	3.000	3.000	8135.923	0.000	7250.000	8224.000	1.000	3.000	1.000
1789.000	1003.000	0.000	1003.000	4008.176	0.000	8765.000	10410.000	0.000	3.000	20.000
1790.000	22.000	11.000	11.000	9783.552	0.000	11292.000	14247.000	0.000	1.000	20.000
1791.000	7.000	4.000	3.000	33379.950	0.000	26118.000	39476.000	1.000	1.000	4.000
1792.000	3.000	0.000	3.000	162588.172	0.000	56035.000	10000000000.000	1.000	3.000	1.000
1793.000	2.000	1.000	1.000	5057.464	0.000	0.000	6000.000	1.000	1.000	1.000
1794.000	2.000	1.000	1.000	6579.302	0.000	6283.000	6876.000	1.000	1.000	1.000
1795.000	2.000	1.000	1.000	7498.502	0.000	7250.000	8224.000	1.000	1.000	1.000
1796.000	2.000	1.000	1.000	9949.223	0.000	8765.000	10410.000	1.000	1.000	1.000
1797.000	7.000	4.000	3.000	11538.878	0.000	11292.000	14247.000	1.000	2.000	3.000
1798.000	5.000	3.000	2.000	20897.743	0.000	15292.000	21840.000	1.000	2.000	1.000
1799.000	2.000	1.000	1.000	26535.657	0.000	26118.000	39476.000	1.000	1.000	1.000
1800.000	1.000	0.000	1.000	425166.399	0.000	56035.000	10000000000.000	1.000	1.000	1.000
1801.000	2.000	1.000	1.000	4601.022	0.000	0.000	6000.000	1.000	1.000	1.000
1802.000	6.000	3.000	3.000	6865.392	0.000	6283.000	6876.000	1.000	3.000	1.000
1803.000	18.000	9.000	9.000	7547.967	0.000	7250.000	8224.000	1.000	2.000	14.000
1804.000	6.000	3.000	3.000	9235.006	0.000	8765.000	10410.000	1.000	3.000	1.000
1805.000	6.000	3.000	3.000	11341.946	0.000	11292.000	14247.000	1.000	1.000	4.000
1806.000	2.000	1.000	1.000	16259.198	0.000	15292.000	21840.000	1.000	1.000	1.000
1807.000	1.000	0.000	1.000	150250.803	0.000	56035.000	10000000000.000	1.000	1.000	1.000
1808.000	2.000	1.000	1.000	5017.329	0.000	0.000	6000.000	1.000	1.000	1.000
1809.000	2.000	1.000	1.000	6659.346	0.000	6283.000	6876.000	1.000	1.000	1.000
1810.000	2.000	1.000	1.000	7855.590	0.000	7250.000	8224.000	1.000	1.000	1.000
1811.000	2.000	1.000	1.000	10174.170	0.000	8765.000	10410.000	1.000	1.000	1.000
1812.000	5.000	2.000	3.000	13714.131	0.000	11292.000	14247.000	1.000	1.000	3.000
1813.000	20.000	0.000	20.000	16133.723	0.000	15292.000	21840.000	1.000	1.000	1.000
1814.000	4.000	2.000	2.000	29887.196	0.000	26118.000	39476.000	1.000	2.000	1.000
1815.000	34.000	0.000	34.000	125467.000	0.000	56035.000	10000000000.000	1.000	3.000	1.000
1816.000	2.000	1.000	1.000	5203.082	0.000	0.000	6000.000	1.000	1.000	1.000
1817.000	32.000	29.000	3.000	6804.937	0.000	6283.000	6876.000	1.000	3.000	7.000
1818.000	2.000	1.000	1.000	8067.665	0.000	7250.000	8224.000	1.000	1.000	1.000
1819.000	2.000	1.000	1.000	8873.772	0.000	8765.000	10410.000	1.000	1.000	1.000
1820.000	2.000	1.000	1.000	13649.263	0.000	11292.000	14247.000	1.000	1.000	1.000
1821.000	4.000	2.000	2.000	19777.433	0.000	15292.000	21840.000	1.000	2.000	1.000
1822.000	12.000	0.000	12.000	27330.442	0.000	26118.000	39476.000	1.000	3.000	1.000
1823.000	2.000	1.000	1.000	5969.080	0.000	0.000	6000.000	1.000	1.000	1.000
1824.000	5.000	3.000	2.000	6581.130	0.000	6283.000	6876.000	1.000	2.000	1.000
1825.000	2.000	1.000	1.000	7286.536	0.000	7250.000	8224.000	1.000	1.000	1.000
1826.000	4.000	2.000	2.000	10218.107	0.000	8765.000	10410.000	1.000	2.000	1.000
1827.000	2.000	1.000	1.000	11368.490	0.000	11292.000	14247.000	1.000	1.000	1.000
1828.000	2.000	1.000	1.000	16857.838	0.000	15292.000	21840.000	1.000	1.000	1.000
1829.000	4.000	3.000	1.000	31756.849	0.000	26118.000	39476.000	1.000	1.000	1.000
1830.000	3.000	0.000	3.000	146910.910	0.000	56035.000	10000000000.000	1.000	3.000	1.000
1831.000	2.000	1.000	1.000	5065.209	0.000	0.000	6000.000	1.000	1.000	1.000
1832.000	4.000	2.000	2.000	6862.213	0.000	6283.000	6876.000	1.000	2.000	1.000
1833.000	2.000	1.000	1.000	7994.831	0.000	7250.000	8224.000	1.000	1.000	1.000
1834.000	33.000	30.000	3.000	9760.960	0.000	8765.000	10410.000	1.000	3.000	7.000
1835.000	4.000	2.000	2.000	13553.497	0.000	11292.000	14247.000	1.000	2.000	1.000
1836.000	3.000	2.000	1.000	16627.350	0.000	15292.000	21840.000	1.000	1.000	1.000
1837.000	13.000	7.000	6.000	37701.354	0.000	26118.000	39476.000	1.000	1.000	10.000
1838.000	1.000	0.000	1.000	173861.319	0.000	56035.000	10000000000.000	1.000	1.000	1.000
1839.000	4.000	3.000	1.000	6537.034	0.000	6283.000	6876.000	1.000	1.000	1.000
1840.000	7.000	4.000	3.000	7840.894	0.000	7250.000	8224.000	1.000	3.000	1.000
1841.000	10.000	7.000	3.000	10155.155	0.000	8765.000	10410.000	1.000	3.000	1.000
1842.000	4.000	2.000	2.000	12694.082	0.000	11292.000	14247.000	1.000	2.000	1.000
1843.000	21.000	0.000	21.000	20498.877	0.000	15292.000	21840.000	1.000	1.000	1.000
1844.000	1.000	0.000	1.000	26983.198	0.000	26118.000	39476.000	1.000	1.000	1.000
1845.000	41.000	0.000	41.000	70345.857	0.000	56035.000	10000000000.000	1.000	3.000	1.000
1846.000	2.000	1.000	1.000	5697.262	0.000	0.000	6000.000	1.000	1.000	1.000
1847.000	6.000	4.000	2.000	6745.094	0.000	6283.000	6876.000	1.000	2.000	1.000
1848.000	2.000	1.000	1.000	8059.003	0.000	7250.000	8224.000	1.000	1.000	1.000
1849.000	7.000	4.000	3.000	10239.736	0.000	8765.000	10410.000	1.000	3.000	1.000
1850.000	2.000	1.000	1.000	12570.520	0.000	11292.000	14247.000	1.000	1.000	1.000
1851.000	2.000	1.000	1.000	16290.454	0.000	15292.000	21840.000	1.000	1.000	1.000
1852.000	2.000	1.000	1.000	30707.200	0.000	26118.000	39476.000	1.000	1.000	1.000
1853.000	3.000	0.000	3.000	220538.446	0.000	56035.000	10000000000.000	1.000	3.000	1.000
1854.000	2.000	1.000	1.000	4405.135	0.000	0.000	6000.000	1.000	1.000	1.000
1855.000	2.000	1.000	1.000	7721.663	0.000	7250.000	8224.000	1.000	1.000	1.000
1856.000	1.000	0.000	1.000	9362.178	0.000	8765.000	10410.000	1.000	1.000	1.000
1857.000	9.000	6.000	3.000	14105.753	0.000	11292.000	14247.000	1.000	3.000	1.000
1858.000	2.000	1.000	1.000	19019.807	0.000	15292.000	21840.000	1.000	1.000	1.000
1859.000	4.000	3.000	1.000	36980.816	0.000	26118.000	39476.000	1.000	1.000	1.000
1860.000	1.000	0.000	1.000	607634.798	0.000	56035.000	10000000000.000	1.000	1.000	1.000
1861.000	2.000	1.000	1.000	4627.368	0.000	0.000	6000.000	1.000	1.000	1.000
1862.000	2.000	1.000	1.000	6637.897	0.000	6283.000	6876.000	1.000	1.000	1.000
1863.000	5.000	4.000	1.000	7638.833	0.000	7250.000	8224.000	1.000	1.000	1.000
1864.000	2.000	1.000	1.000	9024.650	0.000	8765.000	10410.000	1.000	1.000	1.000
1865.000	4.000	2.000	2.000	13210.811	0.000	11292.000	14247.000	1.000	2.000	1.000
1866.000	12.000	6.000	6.000	17874.096	0.000	15292.000	21840.000	1.000	1.000	10.000
1867.000	18.000	14.000	4.000	35618.229	0.000	26118.000	39476.000	1.000	3.000	5.000
1868.000	1.000	0.000	1.000	72404.874	0.000	56035.000	10000000000.000	1.000	1.000	1.000
1869.000	2.000	1.000	1.000	4392.746	0.000	0.000	6000.000	1.000	1.000	1.000
1870.000	8.000	5.000	3.000	6620.837	0.000	6283.000	6876.000	1.000	3.000	1.000
1871.000	2.000	1.000	1.000	9830.468	0.000	8765.000	10410.000	1.000	1.000	1.000
1872.000	4.000	2.000	2.000	12215.355	0.000	11292.000	14247.000	1.000	2.000	1.000
1873.000	5.000	3.000	2.000	17523.114	0.000	15292.000	21840.000	1.000	2.000	1.000
1874.000	4.000	3.000	1.000	33254.699	0.000	26118.000	39476.000	1.000	1.000	1.000
1875.000	1.000	0.000	1.000	205315.003	0.000	56035.000	10000000000.000	1.000	1.000	1.000
1876.000	2.000	1.000	1.000	4489.826	0.000	0.000	6000.000	1.000	1.000	1.000
1877.000	2.000	1.000	1.000	6641.580	0.000	6283.000	6876.000	1.000	1.000	1.000
1878.000	2.000	1.000	1.000	7549.669	0.000	7250.000	8224.000	1.000	1.000	1.000
1879.000	2.000	1.000	1.000	8838.059	0.000	8765.000	10410.000	1.000	1.000	1.000
1880.000	4.000	2.000	2.000	12278.528	0.000	11292.000	14247.000	1.000	2.000	1.000
1881.000	2.000	1.000	1.000	17901.565	0.000	15292.000	21840.000	1.000	1.000	1.000
1882.000	4.000	2.000	2.000	34700.901	0.000	26118.000	39476.000	1.000	1.000	2.000
1883.000	1.000	0.000	1.000	81711.766	0.000	56035.000	10000000000.000	1.000	1.000	1.000
1884.000	2.000	1.000	1.000	5213.160	0.000	0.000	6000.000	1.000	1.000	1.000
1885.000	31.000	28.000	3.000	6842.302	0.000	6283.000	6876.000	1.000	3.000	7.000
1886.000	2.000	1.000	1.000	7610.109	0.000	7250.000	8224.000	1.000	1.000	1.000
1887.000	2.000	1.000	1.000	14035.156	0.000	11292.000	14247.000	1.000	1.000	1.000
1888.000	2.000	1.000	1.000	19485.877	0.000	15292.000	21840.000	1.000	1.000	1.000
1889.000	9.000	6.000	3.000	34349.436	0.000	26118.000	39476.000	1.000	1.000	5.000
1890.000	75.000	0.000	75.000	65182.544	0.000	56035.000	10000000000.000	1.000	3.000	2.000
1891.000	2.000	1.000	1.000	5355.819	0.000	0.000	6000.000	1.000	1.000	1.000
1892.000	9.000	6.000	3.000	6829.087	0.000	6283.000	6876.000	1.000	3.000	1.000
1893.000	2.000	1.000	1.000	7425.176	0.000	7250.000	8224.000	1.000	1.000	1.000
1894.000	6.000	3.000	3.000	10191.735	0.000	8765.000	10410.000	1.000	3.000	1.000
1895.000	4.000	2.000	2.000	14024.079	0.000	11292.000	14247.000	1.000	2.000	1.000
1896.000	18.000	9.000	9.000	18713.641	0.000	15292.000	21840.000	1.000	2.000	14.000
1897.000	5.000	3.000	2.000	26529.795	0.000	26118.000	39476.000	1.000	1.000	2.000
1898.000	2.000	0.000	2.000	294169.213	0.000	56035.000	10000000000.000	1.000	2.000	1.000
1899.000	4.000	2.000	2.000	4806.097	0.000	0.000	6000.000	1.000	2.000	1.000
1900.000	2.000	1.000	1.000	6813.697	0.000	6283.000	6876.000	1.000	1.000	1.000
1901.000	2.000	1.000	1.000	7952.155	0.000	7250.000	8224.000	1.000	1.000	1.000
1902.000	2.000	1.000	1.000	9348.985	0.000	8765.000	10410.000	1.000	1.000	1.000
1903.000	8.000	5.000	3.000	17612.611	0.000	15292.000	21840.000	1.000	3.000	1.000
1904.000	2.000	1.000	1.000	35287.318	0.000	26118.000	39476.000	1.000	1.000	1.000
1905.000	1.000	0.000	1.000	262726.376	0.000	56035.000	10000000000.000	1.000	1.000	1.000
1906.000	2.000	1.000	1.000	5541.480	0.000	0.000	6000.000	1.000	1.000	1.000
1907.000	2.000	1.000	1.000	6410.745	0.000	6283.000	6876.000	1.000	1.000	1.000
1908.000	3.000	2.000	1.000	8178.007	0.000	7250.000	8224.000	1.000	1.000	1.000
1909.000	3.000	2.000	1.000	9607.541	0.000	8765.000	10410.000	1.000	1.000	1.000
1910.000	2.000	1.000	1.000	12552.534	0.000	11292.000	14247.000	1.000	1.000	1.000
1911.000	3.000	2.000	1.000	17751.025	0.000	15292.000	21840.000	1.000	1.000	1.000
1912.000	2.000	1.000	1.000	39170.078	0.000	26118.000	39476.000	1.000	1.000	1.000
1913.000	1.000	0.000	1.000	751448.175	0.000	56035.000	10000000000.000	1.000	1.000	1.000
1914.000	2.000	1.000	1.000	5848.119	0.000	0.000	6000.000	1.000	1.000	1.000
1915.000	9.000	6.000	3.000	6456.905	0.000	6283.000	6876.000	1.000	3.000	1.000
1916.000	2.000	1.000	1.000	7535.475	0.000	7250.000	8224.000	1.000	1.000	1.000
1917.000	3.000	2.000	1.000	9678.584	0.000	8765.000	10410.000	1.000	1.000	1.000
1918.000	2.000	1.000	1.000	13174.881	0.000	11292.000	14247.000	1.000	1.000	1.000
1919.000	4.000	2.000	2.000	28113.360	0.000	26118.000	39476.000	1.000	2.000	1.000
1920.000	1.000	0.000	1.000	59223.004	0.000	56035.000	10000000000.000	1.000	1.000	1.000
1921.000	2.000	1.000	1.000	5673.061	0.000	0.000	6000.000	1.000	1.000	1.000
1922.000	6.000	4.000	2.000	6818.486	0.000	6283.000	6876.000	1.000	2.000	1.000
1923.000	5.000	3.000	2.000	7688.595	0.000	7250.000	8224.000	1.000	1.000	3.000
1924.000	6.000	3.000	3.000	8959.716	0.000	8765.000	10410.000	1.000	2.000	2.000
1925.000	4.000	2.000	2.000	13677.617	0.000	11292.000	14247.000	1.000	2.000	1.000
1926.000	5.000	3.000	2.000	18180.777	0.000	15292.000	21840.000	1.000	2.000	1.000
1927.000	2.000	1.000	1.000	28902.828	0.000	26118.000	39476.000	1.000	1.000	1.000
1928.000	2.000	0.000	2.000	70055.797	0.000	56035.000	10000000000.000	1.000	2.000	1.000
1929.000	2.000	1.000	1.000	5088.438	0.000	0.000	6000.000	1.000	1.000	1.000
1930.000	15.000	12.000	3.000	6874.416	0.000	6283.000	6876.000	1.000	3.000	3.000
1931.000	2.000	1.000	1.000	7489.521	0.000	7250.000	8224.000	1.000	1.000	1.000
1932.000	22.000	11.000	11.000	7864.920	0.000	8765.000	10410.000	0.000	1.000	20.000
1933.000	7.000	4.000	3.000	14179.372	0.000	11292.000	14247.000	1.000	3.000	1.000
1934.000	2.000	1.000	1.000	16822.013	0.000	15292.000	21840.000	1.000	1.000	1.000
1935.000	1.000	0.000	1.000	64660.987	0.000	56035.000	10000000000.000	1.000	1.000	1.000
1936.000	2.000	1.000	1.000	5377.600	0.000	0.000	6000.000	1.000	1.000	1.000
1937.000	3.000	2.000	1.000	6412.067	0.000	6283.000	6876.000	1.000	1.000	1.000
1938.000	8.000	5.000	3.000	7568.568	0.000	7250.000	8224.000	1.000	3.000	1.000
1939.000	2.000	1.000	1.000	9202.068	0.000	8765.000	10410.000	1.000	1.000	1.000
1940.000	4.000	1.000	3.000	13385.617	0.000	11292.000	14247.000	1.000	3.000	1.000
1941.000	2.000	1.000	1.000	18384.124	0.000	15292.000	21840.000	1.000	1.000	1.000
1942.000	2.000	1.000	1.000	34155.079	0.000	26118.000	39476.000	1.000	1.000	1.000
1943.000	1.000	0.000	1.000	188105.625	0.000	56035.000	10000000000.000	1.000	1.000	1.000
1944.000	2.000	1.000	1.000	5063.765	0.000	0.000	6000.000	1.000	1.000	1.000
1945.000	3.000	2.000	1.000	6384.586	0.000	6283.000	6876.000	1.000	1.000	1.000
1946.000	4.000	2.000	2.000	8060.272	0.000	7250.000	8224.000	1.000	2.000	1.000
1947.000	78.000	75.000	3.000	10340.330	0.000	8765.000	10410.000	1.000	3.000	18.000
1948.000	2.000	1.000	1.000	12704.408	0.000	11292.000	14247.000	1.000	1.000	1.000
1949.000	4.000	2.000	2.000	19605.324	0.000	15292.000	21840.000	1.000	2.000	1.000
1950.000	5.000	3.000	2.000	29954.798	0.000	26118.000	39476.000	1.000	1.000	2.000
1951.000	9.000	6.000	3.000	4954.585	0.000	0.000	6000.000	1.000	3.000	1.000
1952.000	2.000	1.000	1.000	6480.488	0.000	6283.000	6876.000	1.000	1.000	1.000
1953.000	4.000	2.000	2.000	7300.985	0.000	7250.000	8224.000	1.000	1.000	2.000
1954.000	6.000	3.000	3.000	10370.842	0.000	8765.000	10410.000	1.000	3.000	1.000
1955.000	9.000	6.000	3.000	13880.610	0.000	11292.000	14247.000	1.000	2.000	3.000
1700.000	2.000	1.000	1.000	27289.328	0.000	26118.000	39476.000	1.000	1.000	1.000
1701.000	1.000	0.000	1.000	804193.524	0.000	56035.000	10000000000.000	1.000	1.000	1.000
1702.000	2.000	1.000	1.000	5544.515	0.000	0.000	6000.000	1.000	1.000	1.000
1703.000	7.000	4.000	3.000	6800.566	0.000	6283.000	6876.000	1.000	3.000	1.000
1704.000	4.000	2.000	2.000	7279.059	0.000	7250.000	8224.000	1.000	1.000	2.000
1705.000	5.000	3.000	2.000	10159.717	0.000	8765.000	10410.000	1.000	2.000	1.000
1706.000	24.000	20.000	4.000	12518.336	0.000	11292.000	14247.000	1.000	3.000	6.000
1707.000	3.000	1.000	2.000	17680.739	0.000	15292.000	21840.000	1.000	2.000	1.000
1708.000	2.000	1.000	1.000	32063.226	0.000	26118.000	39476.000	1.000	1.000	1.000
1709.000	1.000	0.000	1.000	215904.022	0.000	56035.000	10000000000.000	1.000	1.000	1.000
1710.000	31.000	28.000	3.000	6770.676	0.000	6283.000	6876.000	1.000	3.000	7.000
1711.000	9.000	6.000	3.000	8055.313	0.000	7250.000	8224.000	1.000	3.000	1.000
1712.000	3.000	2.000	1.000	8874.359	0.000	8765.000	10410.000	1.000	1.000	1.000
1713.000	3.000	2.000	1.000	12402.614	0.000	11292.000	14247.000	1.000	1.000	1.000
1714.000	2.000	1.000	1.000	18889.526	0.000	15292.000	21840.000	1.000	1.000	1.000
1715.000	8.000	4.000	4.000	31200.410	0.000	26118.000	39476.000	1.000	3.000	2.000
1716.000	1.000	0.000	1.000	221873.084	0.000	56035.000	10000000000.000	1.000	1.000	1.000
1717.000	2.000	1.000	1.000	5324.819	0.000	0.000	6000.000	1.000	1.000	1.000
1718.000	31.000	28.000	3.000	6682.330	0.000	6283.000	6876.000	1.000	3.000	7.000
1719.000	7.000	4.000	3.000	7814.856	0.000	7250.000	8224.000	1.000	3.000	1.000
1720.000	2.000	1.000	1.000	9481.685	0.000	8765.000	10410.000	1.000	1.000	1.000
1721.000	2.000	1.000	1.000	13338.660	0.000	11292.000	14247.000	1.000	1.000	1.000
1722.000	4.000	2.000	2.000	16152.803	0.000	15292.000	21840.000	1.000	2.000	1.000
1723.000	2.000	1.000	1.000	35594.933	0.000	26118.000	39476.000	1.000	1.000	1.000
1724.000	2.000	0.000	2.000	69599.426	0.000	56035.000	10000000000.000	1.000	2.000	1.000
1725.000	2.000	1.000	1.000	5072.682	0.000	0.000	6000.000	1.000	1.000	1.000
1726.000	2.000	1.000	1.000	7997.438	0.000	7250.000	8224.000	1.000	1.000	1.000
1727.000	2.000	1.000	1.000	10326.840	0.000	8765.000	10410.000	1.000	1.000	1.000
1728.000	22.000	11.000	11.000	9627.618	0.000	11292.000	14247.000	0.000	1.000	20.000
1729.000	6.000	3.000	3.000	16829.979	0.000	15292.000	21840.000	1.000	3.000	1.000
1730.000	114.000	76.000	38.000	56744.283	0.000	26118.000	39476.000	0.000	3.000	20.000
1731.000	1.000	0.000	1.000	601755.819	0.000	56035.000	10000000000.000	1.000	1.000	1.000
1732.000	4.000	2.000	2.000	5032.829	0.000	0.000	6000.000	1.000	2.000	1.000
1733.000	2.000	1.000	1.000	6612.353	0.000	6283.000	6876.000	1.000	1.000	1.000
1734.000	31.000	28.000	3.000	7989.201	0.000	7250.000	8224.000	1.000	3.000	7.000
1735.000	8.000	4.000	4.000	8931.181	0.000	8765.000	10410.000	1.000	1.000	6.000
1736.000	2.000	1.000	1.000	11720.246	0.000	11292.000	14247.000	1.000	1.000	1.000
1737.000	2.000	1.000	1.000	16294.493	0.000	15292.000	21840.000	1.000	1.000	1.000
1738.000	8.000	4.000	4.000	30229.865	0.000	26118.000	39476.000	1.000	3.000	2.000
1739.000	2.000	0.000	2.000	62349.434	0.000	56035.000	10000000000.000	1.000	2.000	1.000
1740.000	2.000	1.000	1.000	5064.988	0.000	0.000	6000.000	1.000	1.000	1.000
1741.000	6.000	3.000	3.000	6434.919	0.000	6283.000	6876.000	1.000	2.000	2.000
1742.000	8.000	5.000	3.000	9917.494	0.000	8765.000	10410.000	1.000	3.000	1.000
1743.000	10.000	7.000	3.000	13521.086	0.000	11292.000	14247.000	1.000	3.000	1.000
1744.000	10.000	7.000	3.000	17065.825	0.000	15292.000	21840.000	1.000	1.000	5.000
1745.000	5.000	3.000	2.000	33606.370	0.000	26118.000	39476.000	1.000	2.000	1.000
1746.000	1.000	0.000	1.000	169958.708	0.000	56035.000	10000000000.000	1.000	1.000	1.000
1747.000	2.000	1.000	1.000	4770.883	0.000	0.000	6000.000	1.000	1.000	1.000
1748.000	4.000	3.000	1.000	6659.498	0.000	6283.000	6876.000	1.000	1.000	1.000
1749.000	4.000	2.000	2.000	7559.648	0.000	7250.000	8224.000	1.000	1.000	2.000
1750.000	2.000	1.000	1.000	9135.740	0.000	8765.000	10410.000	1.000	1.000	1.000
1751.000	2.000	1.000	1.000	11744.076	0.000	11292.000	14247.000	1.000	1.000	1.000
1752.000	2.000	1.000	1.000	18311.730	0.000	15292.000	21840.000	1.000	1.000	1.000
1753.000	23.000	0.000	23.000	28613.619	0.000	26118.000	39476.000	1.000	3.000	1.000
1754.000	1.000	0.000	1.000	666085.774	0.000	56035.000	10000000000.000	1.000	1.000	1.000
1755.000	2.000	1.000	1.000	4319.388	0.000	0.000	6000.000	1.000	1.000	1.000
1756.000	2.000	1.000	1.000	6853.504	0.000	6283.000	6876.000	1.000	1.000	1.000
1757.000	3.000	2.000	1.000	7616.066	0.000	7250.000	8224.000	1.000	1.000	1.000
1758.000	2.000	1.000	1.000	12447.827	0.000	11292.000	14247.000	1.000	1.000	1.000
1759.000	6.000	3.000	3.000	18397.428	0.000	15292.000	21840.000	1.000	3.000	1.000
1760.000	6.000	3.000	3.000	31035.270	0.000	26118.000	39476.000	1.000	1.000	4.000
1761.000	1.000	0.000	1.000	76491.502	0.000	56035.000	10000000000.000	1.000	1.000	1.000
1762.000	2.000	1.000	1.000	5199.432	0.000	0.000	6000.000	1.000	1.000	1.000
1763.000	22.000	11.000	11.000	5932.155	0.000	6283.000	6876.000	0.000	1.000	20.000
1764.000	8.000	5.000	3.000	8172.117	0.000	7250.000	8224.000	1.000	3.000	1.000
1765.000	3.000	2.000	1.000	9892.621	0.000	8765.000	10410.000	1.000	1.000	1.000
1766.000	2.000	1.000	1.000	13451.582	0.000	11292.000	14247.000	1.000	1.000	1.000
1767.000	2.000	1.000	1.000	20337.764	0.000	15292.000	21840.000	1.000	1.000	1.000
1768.000	37.000	0.000	37.000	34355.196	0.000	26118.000	39476.000	1.000	3.000	1.000
1769.000	1.000	0.000	1.000	251877.610	0.000	56035.000	10000000000.000	1.000	1.000	1.000
1770.000	9.000	6.000	3.000	5961.295	0.000	0.000	6000.000	1.000	3.000	1.000
1771.000	4.000	3.000	1.000	6709.582	0.000	6283.000	6876.000	1.000	1.000	1.000
1772.000	4.000	3.000	1.000	7768.942	0.000	7250.000	8224.000	1.000	1.000	1.000
1773.000	2.000	1.000	1.000	10153.704	0.000	8765.000	10410.000	1.000	1.000	1.000
1774.000	20.000	0.000	20.000	20231.560	0.000	15292.000	21840.000	1.000	1.000	1.000
1775.000	2.000	1.000	1.000	32428.626	0.000	26118.000	39476.000	1.000	1.000	1.000
1776.000	1.000	0.000	1.000	58094.909	0.000	56035.000	10000000000.000	1.000	1.000	1.000
1777.000	4.000	2.000	2.000	5173.190	0.000	0.000	6000.000	1.000	2.000	1.000
1778.000	86.000	83.000	3.000	8456.157	0.000	6283.000	6876.000	0.000	3.000	20.000
1779.000	19.000	16.000	3.000	8042.033	0.000	7250.000	8224.000	1.000	3.000	4.000
1780.000	2.000	1.000	1.000	9469.105	0.000	8765.000	10410.000	1.000	1.000	1.000
1781.000	2.000	1.000	1.000	13185.205	0.000	11292.000	14247.000	1.000	1.000	1.000
1782.000	4.000	2.000	2.000	20120.064	0.000	15292.000	21840.000	1.000	2.000	1.000
1783.000	21.000	11.000	10.000	38518.564	0.000	26118.000	39476.000	1.000	1.000	17.000
1784.000	1.000	0.000	1.000	167337.552	0.000	56035.000	10000000000.000	1.000	1.000	1.000
1785.000	2.000	1.000	1.000	5385.566	0.000	0.000	6000.000	1.000	1.000	1.000
1786.000	2.000	1.000	1.000	6661.778	0.000	6283.000	6876.000	1.000	1.000	1.000
1787.000	22.000	19.000	3.000	8179.371	0.000	7250.000	8224.000	1.000	3.000	4.000
1788.000	10.000	7.000	3.000	9588.946	0.000	8765.000	10410.000	1.000	3.000	1.000
1789.000	1003.000	0.000	1003.000	3989.344	0.000	11292.000	14247.000	0.000	3.000	20.000
1790.000	12.000	6.000	6.000	35608.033	0.000	26118.000	39476.000	1.000	1.000	10.000
1791.000	1.000	0.000	1.000	100821.050	0.000	56035.000	10000000000.000	1.000	1.000	1.000
1792.000	2.000	1.000	1.000	5551.779	0.000	0.000	6000.000	1.000	1.000	1.000
1793.000	2.000	1.000	1.000	6443.228	0.000	6283.000	6876.000	1.000	1.000	1.000
1794.000	18.000	9.000	9.000	7262.606	0.000	7250.000	8224.000	1.000	1.000	16.000
1795.000	2.000	1.000	1.000	9269.884	0.000	8765.000	10410.000	1.000	1.000	1.000
1796.000	4.000	2.000	2.000	13381.811	0.000	11292.000	14247.000	1.000	1.000	2.000
1797.000	1.000	0.000	1.000	19492.421	0.000	15292.000	21840.000	1.000	1.000	1.000
1798.000	5.000	3.000	2.000	34983.218	0.000	26118.000	39476.000	1.000	1.000	3.000
1799.000	1.000	0.000	1.000	65942.748	0.000	56035.000	10000000000.000	1.000	1.000	1.000
1800.000	2.000	1.000	1.000	4884.861	0.000	0.000	6000.000	1.000	1.000	1.000
1801.000	2.000	1.000	1.000	6637.834	0.000	6283.000	6876.000	1.000	1.000	1.000
1802.000	10.000	5.000	5.000	7586.785	0.000	7250.000	8224.000	1.000	1.000	8.000
1803.000	22.000	11.000	11.000	8632.117	0.000	8765.000	10410.000	0.000	1.000	20.000
1804.000	2.000	1.000	1.000	11662.088	0.000	11292.000	14247.000	1.000	1.000	1.000
1805.000	2.000	1.000	1.000	15880.017	0.000	15292.000	21840.000	1.000	1.000	1.000
1806.000	1.000	0.000	1.000	126395.845	0.000	56035.000	10000000000.000	1.000	1.000	1.000
1807.000	2.000	1.000	1.000	5112.428	0.000	0.000	6000.000	1.000	1.000	1.000
1808.000	86.000	83.000	3.000	7721.064	0.000	6283.000	6876.000	0.000	3.000	20.000
1809.000	2.000	1.000	1.000	7394.986	0.000	7250.000	8224.000	1.000	1.000	1.000
1810.000	7.000	5.000	2.000	9800.648	0.000	8765.000	10410.000	1.000	2.000	1.000
1811.000	5.000	4.000	1.000	11454.519	0.000	11292.000	14247.000	1.000	1.000	1.000
1812.000	3.000	1.000	2.000	18170.060	0.000	15292.000	21840.000	1.000	1.000	1.000
1813.000	2.000	0.000	2.000	32649.932	0.000	26118.000	39476.000	1.000	1.000	1.000
1814.000	1.000	0.000	1.000	516913.461	0.000	56035.000	10000000000.000	1.000	1.000	1.000
1815.000	55.000	52.000	3.000	5781.669	0.000	0.000	6000.000	1.000	3.000	13.000
1816.000	86.000	83.000	3.000	8337.636	0.000	6283.000	6876.000	0.000	3.000	20.000
1817.000	52.000	49.000	3.000	7993.859	0.000	7250.000	8224.000	1.000	3.000	12.000
1818.000	8.000	5.000	3.000	8873.297	0.000	8765.000	10410.000	1.000	3.000	1.000
1819.000	3.000	2.000	1.000	11543.085	0.000	11292.000	14247.000	1.000	1.000	1.000
1820.000	2.000	1.000	1.000	19288.613	0.000	15292.000	21840.000	1.000	1.000	1.000
1821.000	1.000	0.000	1.000	27345.677	0.000	26118.000	39476.000	1.000	1.000	1.000
1822.000	15.000	12.000	3.000	5748.225	0.000	0.000	6000.000	1.000	3.000	3.000
1823.000	2.000	1.000	1.000	6584.775	0.000	6283.000	6876.000	1.000	1.000	1.000
1824.000	2.000	1.000	1.000	7658.772	0.000	7250.000	8224.000	1.000	1.000	1.000
1825.000	7.000	4.000	3.000	9361.901	0.000	8765.000	10410.000	1.000	1.000	4.000
1826.000	4.000	3.000	1.000	13790.914	0.000	11292.000	14247.000	1.000	1.000	1.000
1827.000	2.000	1.000	1.000	20476.823	0.000	15292.000	21840.000	1.000	1.000	1.000
1828.000	2.000	1.000	1.000	38896.244	0.000	26118.000	39476.000	1.000	1.000	1.000
1829.000	1.000	0.000	1.000	510249.475	0.000	56035.000	10000000000.000	1.000	1.000	1.000
1830.000	4.000	2.000	2.000	5130.419	0.000	0.000	6000.000	1.000	2.000	1.000
1831.000	28.000	25.000	3.000	6629.545	0.000	6283.000	6876.000	1.000	3.000	6.000
1832.000	2.000	1.000	1.000	8154.705	0.000	7250.000	8224.000	1.000	1.000	1.000
1833.000	9.000	6.000	3.000	10312.286	0.000	8765.000	10410.000	1.000	3.000	1.000
1834.000	6.000	3.000	3.000	12668.181	0.000	11292.000	14247.000	1.000	3.000	1.000
1835.000	2.000	1.000	1.000	19376.929	0.000	15292.000	21840.000	1.000	1.000	1.000
1836.000	4.000	2.000	2.000	31192.307	0.000	26118.000	39476.000	1.000	1.000	2.000
1837.000	1.000	0.000	1.000	475944.658	0.000	56035.000	10000000000.000	1.000	1.000	1.000
1838.000	8.000	5.000	3.000	6567.987	0.000	6283.000	6876.000	1.000	3.000	1.000
1839.000	4.000	2.000	2.000	8193.822	0.000	7250.000	8224.000	1.000	2.000	1.000
1840.000	6.000	3.000	3.000	9267.541	0.000	8765.000	10410.000	1.000	3.000	1.000
1841.000	6.000	3.000	3.000	13792.224	0.000	11292.000	14247.000	1.000	3.000	1.000
1842.000	45.000	42.000	3.000	16030.433	0.000	15292.000	21840.000	1.000	2.000	11.000
1843.000	43.000	15.000	28.000	36640.411	0.000	26118.000	39476.000	1.000	2.000	5.000
1844.000	2.000	0.000	2.000	269100.174	0.000	56035.000	10000000000.000	1.000	2.000	1.000
1845.000	51.000	48.000	3.000	5839.853	0.000	0.000	6000.000	1.000	3.000	12.000
1846.000	3.000	2.000	1.000	6589.721	0.000	6283.000	6876.000	1.000	1.000	1.000
1847.000	2.000	1.000	1.000	8109.648	0.000	7250.000	8224.000	1.000	1.000	1.000
1848.000	2.000	1.000	1.000	9101.981	0.000	8765.000	10410.000	1.000	1.000	1.000
1849.000	4.000	3.000	1.000	13759.369	0.000	11292.000	14247.000	1.000	1.000	1.000
1850.000	3.000	2.000	1.000	21367.485	0.000	15292.000	21840.000	1.000	1.000	1.000
1851.000	4.000	2.000	2.000	35087.181	0.000	26118.000	39476.000	1.000	1.000	2.000
1852.000	1.000	0.000	1.000	89196.989	0.000	56035.000	10000000000.000	1.000	1.000	1.000
1853.000	2.000	1.000	1.000	5514.082	0.000	0.000	6000.000	1.000	1.000	1.000
1854.000	21.000	18.000	3.000	7782.847	0.000	7250.000	8224.000	1.000	3.000	4.000
1855.000	2.000	1.000	1.000	9377.781	0.000	8765.000	10410.000	1.000	1.000	1.000
1856.000	2.000	0.000	2.000	13106.513	0.000	11292.000	14247.000	1.000	1.000	1.000
1857.000	2.000	1.000	1.000	21228.526	0.000	15292.000	21840.000	1.000	1.000	1.000
1858.000	8.000	5.000	3.000	31823.877	0.000	26118.000	39476.000	1.000	3.000	1.000
1859.000	1.000	0.000	1.000	210235.027	0.000	56035.000	10000000000.000	1.000	1.000	1.000
1860.000	2.000	1.000	1.000	5995.332	0.000	0.000	6000.000	1.000	1.000	1.000
1861.000	2.000	1.000	1.000	6830.159	0.000	6283.000	6876.000	1.000	1.000	1.000
1862.000	2.000	1.000	1.000	7742.691	0.000	7250.000	8224.000	1.000	1.000	1.000
1863.000	2.000	1.000	1.000	9351.118	0.000	8765.000	10410.000	1.000	1.000	1.000
1864.000	3.000	2.000	1.000	12432.098	0.000	11292.000	14247.000	1.000	1.000	1.000
1865.000	4.000	2.000	2.000	18978.042	0.000	15292.000	21840.000	1.000	1.000	2.000
1866.000	18.000	10.000	8.000	39121.681	0.000	26118.000	39476.000	1.000	1.000	14.000
1867.000	1.000	0.000	1.000	230050.439	0.000	56035.000	10000000000.000	1.000	1.000	1.000
1868.000	2.000	1.000	1.000	4835.892	0.000	0.000	6000.000	1.000	1.000	1.000
1869.000	2.000	1.000	1.000	6295.667	0.000	6283.000	6876.000	1.000	1.000	1.000
1870.000	3.000	2.000	1.000	9399.800	0.000	8765.000	10410.000	1.000	1.000	1.000
1871.000	18.000	9.000	9.000	12409.508	0.000	11292.000	14247.000	1.000	1.000	16.000
1872.000	5.000	4.000	1.000	15394.045	0.000	15292.000	21840.000	1.000	1.000	1.000
1873.000	7.000	3.000	4.000	28932.359	0.000	26118.000	39476.000	1.000	1.000	5.000
1874.000	1.000	0.000	1.000	81533.874	0.000	56035.000	10000000000.000	1.000	1.000	1.000
1875.000	6.000	3.000	3.000	4627.644	0.000	0.000	6000.000	1.000	3.000	1.000
1876.000	2.000	1.000	1.000	6597.110	0.000	6283.000	6876.000	1.000	1.000	1.000
1877.000	2.000	1.000	1.000	7984.494	0.000	7250.000	8224.000	1.000	1.000	1.000
1878.000	2.000	1.000	1.000	9405.892	0.000	8765.000	10410.000	1.000	1.000	1.000
1879.000	2.000	1.000	1.000	12179.772	0.000	11292.000	14247.000	1.000	1.000	1.000
1880.000	2.000	1.000	1.000	17286.726	0.000	15292.000	21840.000	1.000	1.000	1.000
1881.000	2.000	1.000	1.000	34446.255	0.000	26118.000	39476.000	1.000	1.000	1.000
1882.000	1.000	0.000	1.000	76749.390	0.000	56035.000	10000000000.000	1.000	1.000	1.000
1883.000	26.000	23.000	3.000	5936.362	0.000	0.000	6000.000	1.000	3.000	5.000
1884.000	2.000	1.000	1.000	6784.008	0.000	6283.000	6876.000	1.000	1.000	1.000
1885.000	2.000	1.000	1.000	7953.480	0.000	7250.000	8224.000	1.000	1.000	1.000
1886.000	2.000	1.000	1.000	14034.025	0.000	11292.000	14247.000	1.000	1.000	1.000
1887.000	2.000	1.000	1.000	21686.119	0.000	15292.000	21840.000	1.000	1.000	1.000
1888.000	3.000	2.000	1.000	36915.751	0.000	26118.000	39476.000	1.000	1.000	1.000
1889.000	1.000	0.000	1.000	145190.040	0.000	56035.000	10000000000.000	1.000	1.000	1.000
1890.000	2.000	1.000	1.000	5354.296	0.000	0.000	6000.000	1.000	1.000	1.000
1891.000	2.000	1.000	1.000	6764.482	0.000	6283.000	6876.000	1.000	1.000	1.000
1892.000	6.000	4.000	2.000	8153.655	0.000	7250.000	8224.000	1.000	2.000	1.000
1893.000	2.000	1.000	1.000	9066.560	0.000	8765.000	10410.000	1.000	1.000	1.000
1894.000	2.000	1.000	1.000	13616.126	0.000	11292.000	14247.000	1.000	1.000	1.000
1895.000	20.000	10.000	10.000	17739.182	0.000	15292.000	21840.000	1.000	2.000	16.000
1896.000	2.000	1.000	1.000	31127.076	0.000	26118.000	39476.000	1.000	1.000	1.000
1897.000	1.000	0.000	1.000	144425.438	0.000	56035.000	10000000000.000	1.000	1.000	1.000
1898.000	2.000	1.000	1.000	5188.240	0.000	0.000	6000.000	1.000	1.000	1.000
1899.000	5.000	3.000	2.000	6376.533	0.000	6283.000	6876.000	1.000	2.000	1.000
1900.000	22.000	11.000	11.000	6795.497	0.000	7250.000	8224.000	0.000	1.000	20.000
1901.000	5.000	3.000	2.000	9698.230	0.000	8765.000	10410.000	1.000	2.000	1.000
1902.000	6.000	3.000	3.000	15404.530	0.000	15292.000	21840.000	1.000	2.000	2.000
1903.000	6.000	3.000	3.000	32791.024	0.000	26118.000	39476.000	1.000	1.000	4.000
1904.000	1.000	0.000	1.000	86380.894	0.000	56035.000	10000000000.000	1.000	1.000	1.000
1905.000	4.000	2.000	2.000	4511.483	0.000	0.000	6000.000	1.000	2.000	1.000
1906.000	7.000	5.000	2.000	6687.938	0.000	6283.000	6876.000	1.000	2.000	1.000
1907.000	2.000	1.000	1.000	8223.208	0.000	7250.000	8224.000	1.000	1.000	1.000
1908.000	2.000	1.000	1.000	9397.517	0.000	8765.000	10410.000	1.000	1.000	1.000
1909.000	8.000	5.000	3.000	13565.322	0.000	11292.000	14247.000	1.000	3.000	1.000
1910.000	2.000	1.000	1.000	20160.360	0.000	15292.000	21840.000	1.000	1.000	1.000
1911.000	11.000	7.000	4.000	33404.922	0.000	26118.000	39476.000	1.000	1.000	6.000
1912.000	1.000	0.000	1.000	232445.518	0.000	56035.000	10000000000.000	1.000	1.000	1.000
1913.000	2.000	1.000	1.000	5194.128	0.000	0.000	6000.000	1.000	1.000	1.000
1914.000	10.000	7.000	3.000	6872.056	0.000	6283.000	6876.000	1.000	3.000	1.000
1915.000	6.000	3.000	3.000	7603.182	0.000	7250.000	8224.000	1.000	2.000	2.000
1916.000	2.000	1.000	1.000	9008.171	0.000	8765.000	10410.000	1.000	1.000	1.000
1917.000	2.000	1.000	1.000	12256.234	0.000	11292.000	14247.000	1.000	1.000	1.000
1918.000	3.000	2.000	1.000	29457.481	0.000	26118.000	39476.000	1.000	1.000	1.000
1919.000	1.000	0.000	1.000	157358.084	0.000	56035.000	10000000000.000	1.000	1.000	1.000
1920.000	2.000	1.000	1.000	5180.754	0.000	0.000	6000.000	1.000	1.000	1.000
1921.000	46.000	43.000	3.000	6754.971	0.000	6283.000	6876.000	1.000	3.000	10.000
1922.000	7.000	4.000	3.000	7971.976	0.000	7250.000	8224.000	1.000	3.000	1.000
1923.000	2.000	1.000	1.000	9724.115	0.000	8765.000	10410.000	1.000	1.000	1.000
1924.000	2.000	1.000	1.000	11889.644	0.000	11292.000	14247.000	1.000	1.000	1.000
1925.000	2.000	1.000	1.000	17608.426	0.000	15292.000	21840.000	1.000	1.000	1.000
1926.000	10.000	6.000	4.000	31609.001	0.000	26118.000	39476.000	1.000	2.000	4.000
1927.000	1.000	0.000	1.000	182325.487	0.000	56035.000	10000000000.000	1.000	1.000	1.000
1928.000	2.000	1.000	1.000	4833.282	0.000	0.000	6000.000	1.000	1.000	1.000
1929.000	2.000	1.000	1.000	6818.659	0.000	6283.000	6876.000	1.000	1.000	1.000
1930.000	4.000	3.000	1.000	7757.556	0.000	7250.000	8224.000	1.000	1.000	1.000
1931.000	2.000	1.000	1.000	10144.684	0.000	8765.000	10410.000	1.000	1.000	1.000
1932.000	4.000	2.000	2.000	12214.927	0.000	11292.000	14247.000	1.000	1.000	2.000
1933.000	8.000	5.000	3.000	17513.334	0.000	15292.000	21840.000	1.000	1.000	4.000
1934.000	1.000	0.000	1.000	70468.257	0.000	56035.000	10000000000.000	1.000	1.000	1.000
1935.000	2.000	1.000	1.000	4975.358	0.000	0.000	6000.000	1.000	1.000	1.000
1936.000	2.000	1.000	1.000	6814.350	0.000	6283.000	6876.000	1.000	1.000	1.000
1937.000	2.000	1.000	1.000	8119.763	0.000	7250.000	8224.000	1.000	1.000	1.000
1938.000	2.000	1.000	1.000	10099.676	0.000	8765.000	10410.000	1.000	1.000	1.000
1939.000	4.000	2.000	2.000	12835.926	0.000	11292.000	14247.000	1.000	1.000	2.000
1940.000	4.000	0.000	4.000	16417.073	0.000	15292.000	21840.000	1.000	2.000	1.000
1941.000	2.000	1.000	1.000	35865.066	0.000	26118.000	39476.000	1.000	1.000	1.000
1942.000	1.000	0.000	1.000	322675.876	0.000	56035.000	10000000000.000	1.000	1.000	1.000
1943.000	2.000	1.000	1.000	4345.628	0.000	0.000	6000.000	1.000	1.000	1.000
1944.000	8.000	6.000	2.000	6657.347	0.000	6283.000	6876.000	1.000	2.000	1.000
1945.000	16.000	7.000	9.000	7577.229	0.000	7250.000	8224.000	1.000	1.000	13.000
1946.000	2.000	1.000	1.000	9997.084	0.000	8765.000	10410.000	1.000	1.000	1.000
1947.000	86.000	83.000	3.000	18732.261	0.000	11292.000	14247.000	0.000	3.000	20.000
1948.000	2.000	1.000	1.000	19545.473	0.000	15292.000	21840.000	1.000	1.000	1.000
1949.000	8.000	5.000	3.000	27414.985	0.000	26118.000	39476.000	1.000	2.000	3.000
1950.000	2.000	1.000	1.000	5482.885	0.000	0.000	6000.000	1.000	1.000	1.000
1951.000	4.000	3.000	1.000	6709.711	0.000	6283.000	6876.000	1.000	1.000	1.000
1952.000	22.000	11.000	11.000	7041.313	0.000	7250.000	8224.000	0.000	1.000	20.000
1953.000	6.000	3.000	3.000	9817.306	0.000	8765.000	10410.000	1.000	3.000	1.000
1954.000	8.000	5.000	3.000	14235.646	0.000	11292.000	14247.000	1.000	3.000	1.000
1955.000	2.000	1.000	1.000	21597.769	0.000	15292.000	21840.000	1.000	1.000	1.000
1700.000	1.000	0.000	1.000	117493.049	0.000	56035.000	10000000000.000	1.000	1.000	1.000
1701.000	2.000	1.000	1.000	5519.998	0.000	0.000	6000.000	1.000	1.000	1.000
1702.000	63.000	60.000	3.000	6861.050	0.000	6283.000	6876.000	1.000	3.000	15.000
1703.000	9.000	6.000	3.000	8040.139	0.000	7250.000	8224.000	1.000	2.000	3.000
1704.000	2.000	1.000	1.000	9463.471	0.000	8765.000	10410.000	1.000	1.000	1.000
1705.000	4.000	2.000	2.000	12082.005	0.000	11292.000	14247.000	1.000	2.000	1.000
1706.000	6.000	4.000	2.000	19596.499	0.000	15292.000	21840.000	1.000	2.000	1.000
1707.000	3.000	2.000	1.000	37491.944	0.000	26118.000	39476.000	1.000	1.000	1.000
1708.000	1.000	0.000	1.000	71539.335	0.000	56035.000	10000000000.000	1.000	1.000	1.000
1709.000	3.000	2.000	1.000	6556.625	0.000	6283.000	6876.000	1.000	1.000	1.000
1710.000	9.000	6.000	3.000	7779.996	0.000	7250.000	8224.000	1.000	3.000	1.000
1711.000	3.000	2.000	1.000	9398.227	0.000	8765.000	10410.000	1.000	1.000	1.000
1712.000	4.000	3.000	1.000	13978.489	0.000	11292.000	14247.000	1.000	1.000	1.000
1713.000	2.000	1.000	1.000	17435.133	0.000	15292.000	21840.000	1.000	1.000	1.000
1714.000	2.000	1.000	1.000	27569.710	0.000	26118.000	39476.000	1.000	1.000	1.000
1715.000	1.000	0.000	1.000	137275.890	0.000	56035.000	10000000000.000	1.000	1.000	1.000
1716.000	2.000	1.000	1.000	4712.854	0.000	0.000	6000.000	1.000	1.000	1.000
1717.000	4.000	3.000	1.000	6401.449	0.000	6283.000	6876.000	1.000	1.000	1.000
1718.000	9.000	6.000	3.000	7856.458	0.000	7250.000	8224.000	1.000	3.000	1.000
1719.000	4.000	2.000	2.000	10254.448	0.000	8765.000	10410.000	1.000	2.000	1.000
1720.000	2.000	1.000	1.000	11674.049	0.000	11292.000	14247.000	1.000	1.000	1.000
1721.000	4.000	2.000	2.000	18702.588	0.000	15292.000	21840.000	1.000	2.000	1.000
1722.000	13.000	8.000	5.000	30298.237	0.000	26118.000	39476.000	1.000	3.000	5.000
1723.000	1.000	0.000	1.000	418575.070	0.000	56035.000	10000000000.000	1.000	1.000	1.000
1724.000	2.000	1.000	1.000	5594.341	0.000	0.000	6000.000	1.000	1.000	1.000
1725.000	3.000	2.000	1.000	7778.884	0.000	7250.000	8224.000	1.000	1.000	1.000
1726.000	2.000	1.000	1.000	9353.655	0.000	8765.000	10410.000	1.000	1.000	1.000
1727.000	13.000	7.000	6.000	13422.758	0.000	11292.000	14247.000	1.000	2.000	8.000
1728.000	6.000	3.000	3.000	15615.172	0.000	15292.000	21840.000	1.000	1.000	4.000
1729.000	12.000	6.000	6.000	26776.172	0.000	26118.000	39476.000	1.000	2.000	8.000
1730.000	49.000	0.000	49.000	89208.412	0.000	56035.000	10000000000.000	1.000	3.000	1.000
1731.000	2.000	1.000	1.000	5524.910	0.000	0.000	6000.000	1.000	1.000	1.000
1732.000	2.000	1.000	1.000	6354.290	0.000	6283.000	6876.000	1.000	1.000	1.000
1733.000	3.000	2.000	1.000	7859.560	0.000	7250.000	8224.000	1.000	1.000	1.000
1734.000	18.000	15.000	3.000	10208.942	0.000	8765.000	10410.000	1.000	3.000	3.000
1735.000	4.000	2.000	2.000	11916.370	0.000	11292.000	14247.000	1.000	2.000	1.000
1736.000	2.000	1.000	1.000	19359.266	0.000	15292.000	21840.000	1.000	1.000	1.000
1737.000	2.000	1.000	1.000	32423.796	0.000	26118.000	39476.000	1.000	1.000	1.000
1738.000	1.000	0.000	1.000	582825.089	0.000	56035.000	10000000000.000	1.000	1.000	1.000
1739.000	2.000	1.000	1.000	5005.266	0.000	0.000	6000.000	1.000	1.000	1.000
1740.000	3.000	2.000	1.000	6794.424	0.000	6283.000	6876.000	1.000	1.000	1.000
1741.000	2.000	1.000	1.000	9662.929	0.000	8765.000	10410.000	1.000	1.000	1.000
1742.000	8.000	5.000	3.000	13953.289	0.000	11292.000	14247.000	1.000	3.000	1.000
1743.000	2.000	1.000	1.000	16652.312	0.000	15292.000	21840.000	1.000	1.000	1.000
1744.000	4.000	2.000	2.000	34703.321	0.000	26118.000	39476.000	1.000	2.000	1.000
1745.000	1.000	0.000	1.000	154407.228	0.000	56035.000	10000000000.000	1.000	1.000	1.000
1746.000	4.000	2.000	2.000	5086.179	0.000	0.000	6000.000	1.000	2.000	1.000
1747.000	2.000	1.000	1.000	6837.574	0.000	6283.000	6876.000	1.000	1.000	1.000
1748.000	2.000	1.000	1.000	7875.039	0.000	7250.000	8224.000	1.000	1.000	1.000
1749.000	2.000	1.000	1.000	10382.032	0.000	8765.000	10410.000	1.000	1.000	1.000
1750.000	4.000	2.000	2.000	11307.114	0.000	11292.000	14247.000	1.000	1.000	2.000
1751.000	9.000	8.000	1.000	15688.321	0.000	15292.000	21840.000	1.000	1.000	2.000
1752.000	2.000	1.000	1.000	28953.043	0.000	26118.000	39476.000	1.000	1.000	1.000
1753.000	31.000	0.000	31.000	64845.176	0.000	56035.000	10000000000.000	1.000	3.000	1.000
1754.000	10.000	7.000	3.000	5749.828	0.000	0.000	6000.000	1.000	3.000	1.000
1755.000	2.000	1.000	1.000	6491.637	0.000	6283.000	6876.000	1.000	1.000	1.000
1756.000	4.000	2.000	2.000	7962.553	0.000	7250.000	8224.000	1.000	2.000	1.000
1757.000	8.000	5.000	3.000	13646.375	0.000	11292.000	14247.000	1.000	3.000	1.000
1758.000	6.000	3.000	3.000	19343.890	0.000	15292.000	21840.000	1.000	3.000	1.000
1759.000	3.000	2.000	1.000	35702.203	0.000	26118.000	39476.000	1.000	1.000	1.000
1760.000	2.000	0.000	2.000	362619.813	0.000	56035.000	10000000000.000	1.000	2.000	1.000
1761.000	2.000	1.000	1.000	4775.482	0.000	0.000	6000.000	1.000	1.000	1.000
1762.000	11.000	8.000	3.000	6749.107	0.000	6283.000	6876.000	1.000	3.000	2.000
1763.000	22.000	11.000	11.000	6823.161	0.000	7250.000	8224.000	0.000	1.000	20.000
1764.000	10.000	7.000	3.000	9926.001	0.000	8765.000	10410.000	1.000	3.000	1.000
1765.000	2.000	1.000	1.000	13190.498	0.000	11292.000	14247.000	1.000	1.000	1.000
1766.000	10.000	7.000	3.000	16453.990	0.000	15292.000	21840.000	1.000	3.000	1.000
1767.000	2.000	1.000	1.000	26795.124	0.000	26118.000	39476.000	1.000	1.000	1.000
1768.000	45.000	0.000	45.000	68812.883	0.000	56035.000	10000000000.000	1.000	3.000	1.000
1769.000	2.000	1.000	1.000	5554.896	0.000	0.000	6000.000	1.000	1.000	1.000
1770.000	1.000	0.000	1.000	6826.611	0.000	6283.000	6876.000	1.000	1.000	1.000
1771.000	3.000	2.000	1.000	7877.764	0.000	7250.000	8224.000	1.000	1.000	1.000
1772.000	10.000	8.000	2.000	9431.081	0.000	8765.000	10410.000	1.000	1.000	3.000
1773.000	8.000	5.000	3.000	21299.928	0.000	15292.000	21840.000	1.000	3.000	1.000
1774.000	16.000	0.000	16.000	28470.011	0.000	26118.000	39476.000	1.000	1.000	1.000
1775.000	1.000	0.000	1.000	64229.334	0.000	56035.000	10000000000.000	1.000	1.000	1.000
1776.000	4.000	2.000	2.000	5468.929	0.000	0.000	6000.000	1.000	2.000	1.000
1777.000	32.000	29.000	3.000	6838.728	0.000	6283.000	6876.000	1.000	3.000	7.000
1778.000	13.000	10.000	3.000	8210.878	0.000	7250.000	8224.000	1.000	3.000	2.000
1779.000	28.000	25.000	3.000	10243.470	0.000	8765.000	10410.000	1.000	3.000	6.000
1780.000	2.000	1.000	1.000	12804.404	0.000	11292.000	14247.000	1.000	1.000	1.000
1781.000	2.000	1.000	1.000	17019.625	0.000	15292.000	21840.000	1.000	1.000	1.000
1782.000	2.000	1.000	1.000	38223.507	0.000	26118.000	39476.000	1.000	1.000	1.000
1783.000	1.000	0.000	1.000	163488.726	0.000	56035.000	10000000000.000	1.000	1.000	1.000
1784.000	2.000	1.000	1.000	5289.472	0.000	0.000	6000.000	1.000	1.000	1.000
1785.000	74.000	71.000	3.000	6466.327	0.000	6283.000	6876.000	1.000	3.000	17.000
1786.000	2.000	1.000	1.000	7681.456	0.000	7250.000	8224.000	1.000	1.000	1.000
1787.000	9.000	6.000	3.000	9913.626	0.000	8765.000	10410.000	1.000	3.000	1.000
1788.000	7.000	5.000	2.000	13559.724	0.000	11292.000	14247.000	1.000	2.000	1.000
1789.000	1003.000	0.000	1003.000	4015.676	0.000	26118.000	39476.000	0.000	3.000	20.000
1790.000	1.000	0.000	1.000	62647.746	0.000	56035.000	10000000000.000	1.000	1.000	1.000
1791.000	2.000	1.000	1.000	5416.884	0.000	0.000	6000.000	1.000	1.000	1.000
1792.000	2.000	1.000	1.000	6426.833	0.000	6283.000	6876.000	1.000	1.000	1.000
1793.000	22.000	11.000	11.000	43695.996	0.000	7250.000	8224.000	0.000	1.000	20.000
1794.000	6.000	3.000	3.000	8834.428	0.000	8765.000	10410.000	1.000	1.000	4.000
1795.000	2.000	1.000	1.000	11647.814	0.000	11292.000	14247.000	1.000	1.000	1.000
1796.000	2.000	1.000	1.000	18666.804	0.000	15292.000	21840.000	1.000	1.000	1.000
1797.000	1.000	0.000	1.000	31897.613	0.000	26118.000	39476.000	1.000	1.000	1.000
1798.000	1.000	0.000	1.000	167393.849	0.000	56035.000	10000000000.000	1.000	1.000	1.000
1799.000	2.000	1.000	1.000	5112.833	0.000	0.000	6000.000	1.000	1.000	1.000
1800.000	2.000	1.000	1.000	6679.921	0.000	6283.000	6876.000	1.000	1.000	1.000
1801.000	2.000	1.000	1.000	7280.352	0.000	7250.000	8224.000	1.000	1.000	1.000
1802.000	3.000	2.000	1.000	8773.983	0.000	8765.000	10410.000	1.000	1.000	1.000
1803.000	2.000	1.000	1.000	12988.478	0.000	11292.000	14247.000	1.000	1.000	1.000
1804.000	4.000	3.000	1.000	20992.841	0.000	15292.000	21840.000	1.000	1.000	1.000
1805.000	1.000	0.000	1.000	277504.862	0.000	56035.000	10000000000.000	1.000	1.000	1.000
1806.000	4.000	2.000	2.000	5157.227	0.000	0.000	6000.000	1.000	2.000	1.000
1807.000	5.000	3.000	2.000	6334.205	0.000	6283.000	6876.000	1.000	1.000	3.000
1808.000	10.000	7.000	3.000	7985.300	0.000	7250.000	8224.000	1.000	3.000	1.000
1809.000	14.000	7.000	7.000	8966.174	0.000	8765.000	10410.000	1.000	1.000	12.000
1810.000	4.000	2.000	2.000	13811.805	0.000	11292.000	14247.000	1.000	2.000	1.000
1811.000	2.000	1.000	1.000	21456.469	0.000	15292.000	21840.000	1.000	1.000	1.000
1812.000	3.000	0.000	3.000	30204.960	0.000	26118.000	39476.000	1.000	1.000	1.000
1813.000	11.000	0.000	11.000	85239.324	0.000	56035.000	10000000000.000	1.000	3.000	1.000
1814.000	2.000	1.000	1.000	4759.520	0.000	0.000	6000.000	1.000	1.000	1.000
1815.000	19.000	0.000	19.000	6371.587	0.000	6283.000	6876.000	1.000	1.000	1.000
1816.000	9.000	6.000	3.000	7896.750	0.000	7250.000	8224.000	1.000	3.000	1.000
1817.000	31.000	26.000	5.000	9691.969	0.000	8765.000	10410.000	1.000	3.000	9.000
1818.000	2.000	1.000	1.000	13125.430	0.000	11292.000	14247.000	1.000	1.000	1.000
1819.000	1.000	0.000	1.000	18040.371	0.000	15292.000	21840.000	1.000	1.000	1.000
1820.000	2.000	1.000	1.000	27477.707	0.000	26118.000	39476.000	1.000	1.000	1.000
1821.000	2.000	1.000	1.000	4993.755	0.000	0.000	6000.000	1.000	1.000	1.000
1822.000	1.000	0.000	1.000	6844.762	0.000	6283.000	6876.000	1.000	1.000	1.000
1823.000	2.000	1.000	1.000	7480.400	0.000	7250.000	8224.000	1.000	1.000	1.000
1824.000	3.000	2.000	1.000	9522.358	0.000	8765.000	10410.000	1.000	1.000	1.000
1825.000	2.000	1.000	1.000	13613.359	0.000	11292.000	14247.000	1.000	1.000	1.000
1826.000	2.000	1.000	1.000	18883.689	0.000	15292.000	21840.000	1.000	1.000	1.000
1827.000	3.000	1.000	2.000	35906.107	0.000	26118.000	39476.000	1.000	1.000	1.000
1828.000	1.000	0.000	1.000	70506.773	0.000	56035.000	10000000000.000	1.000	1.000	1.000
1829.000	2.000	1.000	1.000	4752.895	0.000	0.000	6000.000	1.000	1.000	1.000
1830.000	22.000	11.000	11.000	5803.915	0.000	6283.000	6876.000	0.000	1.000	20.000
1831.000	10.000	7.000	3.000	7948.707	0.000	7250.000	8224.000	1.000	3.000	1.000
1832.000	2.000	1.000	1.000	10352.101	0.000	8765.000	10410.000	1.000	1.000	1.000
1833.000	10.000	7.000	3.000	13007.104	0.000	11292.000	14247.000	1.000	3.000	1.000
1834.000	36.000	33.000	3.000	21783.094	0.000	15292.000	21840.000	1.000	3.000	8.000
1835.000	2.000	1.000	1.000	31711.454	0.000	26118.000	39476.000	1.000	1.000	1.000
1836.000	1.000	0.000	1.000	68882.289	0.000	56035.000	10000000000.000	1.000	1.000	1.000
1837.000	13.000	10.000	3.000	6780.047	0.000	6283.000	6876.000	1.000	3.000	2.000
1838.000	2.000	1.000	1.000	7918.239	0.000	7250.000	8224.000	1.000	1.000	1.000
1839.000	2.000	1.000	1.000	10336.095	0.000	8765.000	10410.000	1.000	1.000	1.000
1840.000	6.000	4.000	2.000	13353.900	0.000	11292.000	14247.000	1.000	1.000	2.000
1841.000	4.000	2.000	2.000	16278.729	0.000	15292.000	21840.000	1.000	2.000	1.000
1842.000	2.000	1.000	1.000	36587.680	0.000	26118.000	39476.000	1.000	1.000	1.000
1843.000	22.000	0.000	22.000	60087.365	0.000	56035.000	10000000000.000	1.000	3.000	1.000
1844.000	4.000	2.000	2.000	5903.870	0.000	0.000	6000.000	1.000	2.000	1.000
1845.000	26.000	0.000	26.000	6773.480	0.000	6283.000	6876.000	1.000	1.000	1.000
1846.000	2.000	1.000	1.000	7819.980	0.000	7250.000	8224.000	1.000	1.000	1.000
1847.000	3.000	2.000	1.000	10069.776	0.000	8765.000	10410.000	1.000	1.000	1.000
1848.000	2.000	1.000	1.000	11805.698	0.000	11292.000	14247.000	1.000	1.000	1.000
1849.000	6.000	4.000	2.000	16719.780	0.000	15292.000	21840.000	1.000	1.000	3.000
1850.000	4.000	3.000	1.000	37815.558	0.000	26118.000	39476.000	1.000	1.000	1.000
1851.000	1.000	0.000	1.000	111042.656	0.000	56035.000	10000000000.000	1.000	1.000	1.000
1852.000	2.000	1.000	1.000	5056.583	0.000	0.000	6000.000	1.000	1.000	1.000
1853.000	2.000	1.000	1.000	7435.288	0.000	7250.000	8224.000	1.000	1.000	1.000
1854.000	2.000	1.000	1.000	9312.440	0.000	8765.000	10410.000	1.000	1.000	1.000
1855.000	4.000	2.000	2.000	11556.106	0.000	11292.000	14247.000	1.000	2.000	1.000
1856.000	21.000	1.000	20.000	20325.065	0.000	15292.000	21840.000	1.000	3.000	2.000
1857.000	3.000	1.000	2.000	30192.654	0.000	26118.000	39476.000	1.000	2.000	1.000
1858.000	1.000	0.000	1.000	107621.789	0.000	56035.000	10000000000.000	1.000	1.000	1.000
1859.000	6.000	3.000	3.000	4981.655	0.000	0.000	6000.000	1.000	3.000	1.000
1860.000	2.000	1.000	1.000	6856.917	0.000	6283.000	6876.000	1.000	1.000	1.000
1861.000	4.000	2.000	2.000	7888.826	0.000	7250.000	8224.000	1.000	2.000	1.000
1862.000	4.000	2.000	2.000	10296.677	0.000	8765.000	10410.000	1.000	2.000	1.000
1863.000	2.000	1.000	1.000	12804.592	0.000	11292.000	14247.000	1.000	1.000	1.000
1864.000	5.000	3.000	2.000	21422.288	0.000	15292.000	21840.000	1.000	1.000	2.000
1865.000	2.000	1.000	1.000	38867.596	0.000	26118.000	39476.000	1.000	1.000	1.000
1866.000	1.000	0.000	1.000	161084.258	0.000	56035.000	10000000000.000	1.000	1.000	1.000
1867.000	2.000	1.000	1.000	5007.655	0.000	0.000	6000.000	1.000	1.000	1.000
1868.000	2.000	1.000	1.000	6563.742	0.000	6283.000	6876.000	1.000	1.000	1.000
1869.000	10.000	5.000	5.000	9755.984	0.000	8765.000	10410.000	1.000	1.000	8.000
1870.000	2.000	1.000	1.000	13141.873	0.000	11292.000	14247.000	1.000	1.000	1.000
1871.000	4.000	2.000	2.000	18377.043	0.000	15292.000	21840.000	1.000	1.000	2.000
1872.000	2.000	1.000	1.000	37811.863	0.000	26118.000	39476.000	1.000	1.000	1.000
1873.000	1.000	0.000	1.000	242040.557	0.000	56035.000	10000000000.000	1.000	1.000	1.000
1874.000	2.000	1.000	1.000	4999.331	0.000	0.000	6000.000	1.000	1.000	1.000
1875.000	5.000	3.000	2.000	6671.400	0.000	6283.000	6876.000	1.000	2.000	1.000
1876.000	2.000	1.000	1.000	7669.177	0.000	7250.000	8224.000	1.000	1.000	1.000
1877.000	2.000	1.000	1.000	9744.411	0.000	8765.000	10410.000	1.000	1.000	1.000
1878.000	8.000	4.000	4.000	11589.753	0.000	11292.000	14247.000	1.000	1.000	6.000
1879.000	2.000	1.000	1.000	19236.626	0.000	15292.000	21840.000	1.000	1.000	1.000
1880.000	2.000	1.000	1.000	28783.163	0.000	26118.000	39476.000	1.000	1.000	1.000
1881.000	1.000	0.000	1.000	124498.281	0.000	56035.000	10000000000.000	1.000	1.000	1.000
1882.000	2.000	1.000	1.000	4240.572	0.000	0.000	6000.000	1.000	1.000	1.000
1883.000	6.000	3.000	3.000	6541.847	0.000	6283.000	6876.000	1.000	1.000	4.000
1884.000	12.000	6.000	6.000	7405.662	0.000	7250.000	8224.000	1.000	1.000	10.000
1885.000	6.000	3.000	3.000	11541.669	0.000	11292.000	14247.000	1.000	1.000	4.000
1886.000	2.000	1.000	1.000	15335.618	0.000	15292.000	21840.000	1.000	1.000	1.000
1887.000	9.000	3.000	6.000	29267.131	0.000	26118.000	39476.000	1.000	1.000	5.000
1888.000	1.000	0.000	1.000	93292.013	0.000	56035.000	10000000000.000	1.000	1.000	1.000
1889.000	2.000	1.000	1.000	4606.035	0.000	0.000	6000.000	1.000	1.000	1.000
1890.000	54.000	51.000	3.000	6803.169	0.000	6283.000	6876.000	1.000	3.000	12.000
1891.000	2.000	1.000	1.000	7726.099	0.000	7250.000	8224.000	1.000	1.000	1.000
1892.000	2.000	1.000	1.000	10395.884	0.000	8765.000	10410.000	1.000	1.000	1.000
1893.000	8.000	4.000	4.000	12089.554	0.000	11292.000	14247.000	1.000	1.000	6.000
1894.000	4.000	2.000	2.000	16345.805	0.000	15292.000	21840.000	1.000	2.000	1.000
1895.000	6.000	3.000	3.000	32332.295	0.000	26118.000	39476.000	1.000	1.000	4.000
1896.000	1.000	0.000	1.000	309954.920	0.000	56035.000	10000000000.000	1.000	1.000	1.000
1897.000	2.000	1.000	1.000	5488.138	0.000	0.000	6000.000	1.000	1.000	1.000
1898.000	3.000	2.000	1.000	6749.564	0.000	6283.000	6876.000	1.000	1.000	1.000
1899.000	2.000	1.000	1.000	8158.965	0.000	7250.000	8224.000	1.000	1.000	1.000
1900.000	22.000	11.000	11.000	8142.923	0.000	8765.000	10410.000	0.000	1.000	20.000
1901.000	2.000	1.000	1.000	18668.604	0.000	15292.000	21840.000	1.000	1.000	1.000
1902.000	3.000	1.000	2.000	37173.823	0.000	26118.000	39476.000	1.000	2.000	1.000
1903.000	1.000	0.000	1.000	352277.064	0.000	56035.000	10000000000.000	1.000	1.000	1.000
1904.000	2.000	1.000	1.000	4902.456	0.000	0.000	6000.000	1.000	1.000	1.000
1905.000	6.000	3.000	3.000	6379.453	0.000	6283.000	6876.000	1.000	1.000	4.000
1906.000	15.000	12.000	3.000	7678.594	0.000	7250.000	8224.000	1.000	3.000	3.000
1907.000	6.000	3.000	3.000	9283.993	0.000	8765.000	10410.000	1.000	3.000	1.000
1908.000	5.000	3.000	2.000	13499.181	0.000	11292.000	14247.000	1.000	2.000	1.000
1909.000	2.000	1.000	1.000	19183.227	0.000	15292.000	21840.000	1.000	1.000	1.000
1910.000	5.000	3.000	2.000	33823.724	0.000	26118.000	39476.000	1.000	1.000	3.000
1911.000	1.000	0.000	1.000	168519.635	0.000	56035.000	10000000000.000	1.000	1.000	1.000
1912.000	2.000	1.000	1.000	5206.084	0.000	0.000	6000.000	1.000	1.000	1.000
1913.000	3.000	2.000	1.000	6521.489	0.000	6283.000	6876.000	1.000	1.000	1.000
1914.000	5.000	4.000	1.000	8010.553	0.000	7250.000	8224.000	1.000	1.000	1.000
1915.000	3.000	2.000	1.000	10059.945	0.000	8765.000	10410.000	1.000	1.000	1.000
1916.000	2.000	1.000	1.000	12310.557	0.000	11292.000	14247.000	1.000	1.000	1.000
1917.000	2.000	1.000	1.000	35070.930	0.000	26118.000	39476.000	1.000	1.000	1.000
1918.000	1.000	0.000	1.000	84964.848	0.000	56035.000	10000000000.000	1.000	1.000	1.000
1919.000	2.000	1.000	1.000	4828.966	0.000	0.000	6000.000	1.000	1.000	1.000
1920.000	12.000	9.000	3.000	6819.714	0.000	6283.000	6876.000	1.000	3.000	2.000
1921.000	86.000	83.000	3.000	10165.232	0.000	7250.000	8224.000	0.000	3.000	20.000
1922.000	7.000	5.000	2.000	10394.829	0.000	8765.000	10410.000	1.000	2.000	1.000
1923.000	2.000	1.000	1.000	12715.818	0.000	11292.000	14247.000	1.000	1.000	1.000
1924.000	9.000	6.000	3.000	21405.831	0.000	15292.000	21840.000	1.000	3.000	1.000
1925.000	6.000	4.000	2.000	26870.370	0.000	26118.000	39476.000	1.000	1.000	3.000
1926.000	1.000	0.000	1.000	66709.392	0.000	56035.000	10000000000.000	1.000	1.000	1.000
1927.000	2.000	1.000	1.000	5444.275	0.000	0.000	6000.000	1.000	1.000	1.000
1928.000	2.000	1.000	1.000	6613.420	0.000	6283.000	6876.000	1.000	1.000	1.000
1929.000	2.000	1.000	1.000	7691.464	0.000	7250.000	8224.000	1.000	1.000	1.000
1930.000	5.000	3.000	2.000	8977.082	0.000	8765.000	10410.000	1.000	2.000	1.000
1931.000	3.000	2.000	1.000	11678.668	0.000	11292.000	14247.000	1.000	1.000	1.000
1932.000	2.000	1.000	1.000	19068.436	0.000	15292.000	21840.000	1.000	1.000	1.000
1933.000	1.000	0.000	1.000	124227.411	0.000	56035.000	10000000000.000	1.000	1.000	1.000
1934.000	2.000	1.000	1.000	4995.159	0.000	0.000	6000.000	1.000	1.000	1.000
1935.000	6.000	3.000	3.000	6398.379	0.000	6283.000	6876.000	1.000	1.000	4.000
1936.000	2.000	1.000	1.000	7952.318	0.000	7250.000	8224.000	1.000	1.000	1.000
1937.000	9.000	6.000	3.000	8796.186	0.000	8765.000	10410.000	1.000	3.000	1.000
1938.000	6.000	3.000	3.000	13649.102	0.000	11292.000	14247.000	1.000	3.000	1.000
1939.000	3.000	2.000	1.000	20291.436	0.000	15292.000	21840.000	1.000	1.000	1.000
1940.000	34.000	0.000	34.000	29507.143	0.000	26118.000	39476.000	1.000	3.000	1.000
1941.000	1.000	0.000	1.000	445847.809	0.000	56035.000	10000000000.000	1.000	1.000	1.000
1942.000	4.000	2.000	2.000	4490.978	0.000	0.000	6000.000	1.000	2.000	1.000
1943.000	22.000	11.000	11.000	6222.913	0.000	6283.000	6876.000	0.000	1.000	20.000
1944.000	4.000	2.000	2.000	8222.392	0.000	7250.000	8224.000	1.000	2.000	1.000
1945.000	24.000	19.000	5.000	9601.661	0.000	8765.000	10410.000	1.000	3.000	6.000
1946.000	7.000	4.000	3.000	11905.128	0.000	11292.000	14247.000	1.000	3.000	1.000
1947.000	1.000	0.000	1.000	15425.543	0.000	15292.000	21840.000	1.000	1.000	1.000
1948.000	9.000	5.000	4.000	32450.077	0.000	26118.000	39476.000	1.000	1.000	6.000
1949.000	2.000	1.000	1.000	5497.120	0.000	0.000	6000.000	1.000	1.000	1.000
1950.000	2.000	1.000	1.000	6625.699	0.000	6283.000	6876.000	1.000	1.000	1.000
1951.000	8.000	5.000	3.000	8115.865	0.000	7250.000	8224.000	1.000	3.000	1.000
1952.000	2.000	1.000	1.000	9009.010	0.000	8765.000	10410.000	1.000	1.000	1.000
1953.000	6.000	3.000	3.000	12239.781	0.000	11292.000	14247.000	1.000	3.000	1.000
1954.000	4.000	2.000	2.000	19923.715	0.000	15292.000	21840.000	1.000	2.000	1.000
1955.000	2.000	1.000	1.000	30517.784	0.000	26118.000	39476.000	1.000	1.000	1.000
